timestamp,beats per minute
2023-02-25T02:38:56Z,91.0
2023-02-25T02:39:01Z,89.0
2023-02-25T02:39:06Z,88.0
2023-02-25T02:39:16Z,89.0
2023-02-25T02:39:26Z,91.0
2023-02-25T02:39:31Z,89.0
2023-02-25T02:39:36Z,87.0
2023-02-25T02:39:41Z,88.0
2023-02-25T02:39:46Z,91.0
2023-02-25T02:40:01Z,91.0
2023-02-25T02:40:16Z,92.0
2023-02-25T02:40:21Z,94.0
2023-02-25T02:40:26Z,92.0
2023-02-25T02:40:31Z,91.0
2023-02-25T02:40:36Z,92.0
2023-02-25T02:40:41Z,91.0
2023-02-25T02:40:46Z,92.0
2023-02-25T02:40:56Z,91.0
2023-02-25T02:41:11Z,90.0
2023-02-25T02:41:16Z,91.0
2023-02-25T02:41:21Z,90.0
2023-02-25T02:41:26Z,92.0
2023-02-25T02:41:31Z,91.0
2023-02-25T02:41:36Z,90.0
2023-02-25T02:41:46Z,91.0
2023-02-25T02:41:51Z,92.0
2023-02-25T02:41:56Z,93.0
2023-02-25T02:42:01Z,93.0
2023-02-25T02:42:06Z,94.0
2023-02-25T02:42:11Z,91.0
2023-02-25T02:42:21Z,92.0
2023-02-25T02:42:26Z,90.0
2023-02-25T02:42:31Z,91.0
2023-02-25T02:42:36Z,93.0
2023-02-25T02:42:51Z,94.0
2023-02-25T02:43:01Z,96.0
2023-02-25T02:43:16Z,96.0
2023-02-25T02:43:21Z,94.0
2023-02-25T02:43:26Z,95.0
2023-02-25T02:43:31Z,93.0
2023-02-25T02:43:36Z,91.0
2023-02-25T02:43:41Z,92.0
2023-02-25T02:43:46Z,94.0
2023-02-25T02:43:51Z,93.0
2023-02-25T02:43:56Z,90.0
2023-02-25T02:44:01Z,89.0
2023-02-25T02:44:16Z,87.0
2023-02-25T02:44:21Z,85.0
2023-02-25T02:44:31Z,88.0
2023-02-25T02:44:41Z,87.0
2023-02-25T02:44:51Z,88.0
2023-02-25T02:45:06Z,87.0
2023-02-25T02:45:11Z,88.0
2023-02-25T02:45:21Z,91.0
2023-02-25T02:45:26Z,90.0
2023-02-25T02:45:41Z,90.0
2023-02-25T02:45:46Z,91.0
2023-02-25T02:46:01Z,89.0
2023-02-25T02:46:06Z,88.0
2023-02-25T02:46:16Z,89.0
2023-02-25T02:46:26Z,91.0
2023-02-25T02:46:41Z,92.0
2023-02-25T02:46:46Z,91.0
2023-02-25T02:46:51Z,89.0
2023-02-25T02:46:56Z,90.0
2023-02-25T02:47:01Z,92.0
2023-02-25T02:47:06Z,91.0
2023-02-25T02:47:21Z,91.0
2023-02-25T02:47:36Z,89.0
2023-02-25T02:47:41Z,88.0
2023-02-25T02:47:51Z,89.0
2023-02-25T02:48:06Z,89.0
2023-02-25T02:48:11Z,90.0
2023-02-25T02:48:16Z,91.0
2023-02-25T02:48:21Z,90.0
2023-02-25T02:48:26Z,88.0
2023-02-25T02:48:31Z,85.0
2023-02-25T02:48:36Z,84.0
2023-02-25T02:48:41Z,83.0
2023-02-25T02:48:46Z,84.0
2023-02-25T02:48:56Z,85.0
2023-02-25T02:49:01Z,85.0
2023-02-25T02:49:16Z,85.0
2023-02-25T02:49:26Z,88.0
2023-02-25T02:49:36Z,87.0
2023-02-25T02:49:41Z,85.0
2023-02-25T02:49:46Z,84.0
2023-02-25T02:49:51Z,83.0
2023-02-25T02:49:56Z,86.0
2023-02-25T02:50:11Z,85.0
2023-02-25T02:50:16Z,84.0
2023-02-25T02:50:21Z,88.0
2023-02-25T02:50:26Z,89.0
2023-02-25T02:50:36Z,88.0
2023-02-25T02:50:41Z,85.0
2023-02-25T02:50:46Z,88.0
2023-02-25T02:50:51Z,85.0
2023-02-25T02:50:56Z,82.0
2023-02-25T02:51:01Z,80.0
2023-02-25T02:51:16Z,83.0
2023-02-25T02:51:21Z,82.0
2023-02-25T02:51:26Z,83.0
2023-02-25T02:51:31Z,81.0
2023-02-25T02:51:36Z,80.0
2023-02-25T02:51:41Z,82.0
2023-02-25T02:51:46Z,84.0
2023-02-25T02:51:51Z,82.0
2023-02-25T02:51:56Z,81.0
2023-02-25T02:52:01Z,80.0
2023-02-25T02:52:16Z,80.0
2023-02-25T02:52:21Z,79.0
2023-02-25T02:52:31Z,78.0
2023-02-25T02:52:46Z,78.0
2023-02-25T02:52:56Z,79.0
2023-02-25T02:53:01Z,82.0
2023-02-25T02:53:11Z,83.0
2023-02-25T02:53:16Z,84.0
2023-02-25T02:53:26Z,85.0
2023-02-25T02:53:41Z,85.0
2023-02-25T02:53:46Z,88.0
2023-02-25T02:53:56Z,87.0
2023-02-25T02:54:01Z,84.0
2023-02-25T02:54:06Z,83.0
2023-02-25T02:54:11Z,82.0
2023-02-25T02:54:16Z,80.0
2023-02-25T02:54:21Z,78.0
2023-02-25T02:54:26Z,77.0
2023-02-25T02:54:31Z,75.0
2023-02-25T02:54:36Z,74.0
2023-02-25T02:54:46Z,76.0
2023-02-25T02:54:51Z,77.0
2023-02-25T02:55:01Z,79.0
2023-02-25T02:55:06Z,78.0
2023-02-25T02:55:11Z,79.0
2023-02-25T02:55:16Z,80.0
2023-02-25T02:55:21Z,78.0
2023-02-25T02:55:26Z,79.0
2023-02-25T02:55:36Z,80.0
2023-02-25T02:55:41Z,81.0
2023-02-25T02:55:46Z,82.0
2023-02-25T02:55:51Z,87.0
2023-02-25T02:55:56Z,86.0
2023-02-25T02:56:01Z,85.0
2023-02-25T02:56:06Z,81.0
2023-02-25T02:56:11Z,78.0
2023-02-25T02:56:16Z,79.0
2023-02-25T02:56:21Z,79.0
2023-02-25T02:56:26Z,80.0
2023-02-25T02:56:31Z,82.0
2023-02-25T02:56:36Z,80.0
2023-02-25T02:56:46Z,77.0
2023-02-25T02:56:51Z,76.0
2023-02-25T02:56:56Z,78.0
2023-02-25T02:57:06Z,77.0
2023-02-25T02:57:11Z,78.0
2023-02-25T02:57:16Z,79.0
2023-02-25T02:57:21Z,82.0
2023-02-25T02:57:26Z,81.0
2023-02-25T02:57:31Z,83.0
2023-02-25T02:57:36Z,86.0
2023-02-25T02:57:41Z,91.0
2023-02-25T02:57:46Z,90.0
2023-02-25T02:57:51Z,91.0
2023-02-25T02:57:56Z,92.0
2023-02-25T02:58:01Z,91.0
2023-02-25T02:58:11Z,88.0
2023-02-25T02:58:16Z,86.0
2023-02-25T02:58:21Z,85.0
2023-02-25T02:58:26Z,87.0
2023-02-25T02:58:36Z,88.0
2023-02-25T02:58:46Z,86.0
2023-02-25T02:58:51Z,85.0
2023-02-25T02:58:56Z,82.0
2023-02-25T02:59:11Z,83.0
2023-02-25T02:59:16Z,86.0
2023-02-25T02:59:21Z,80.0
2023-02-25T02:59:26Z,78.0
2023-02-25T02:59:31Z,77.0
2023-02-25T02:59:36Z,79.0
2023-02-25T02:59:41Z,81.0
2023-02-25T02:59:46Z,83.0
2023-02-25T02:59:51Z,81.0
2023-02-25T02:59:56Z,80.0
2023-02-25T03:00:06Z,78.0
2023-02-25T03:00:11Z,77.0
2023-02-25T03:00:16Z,77.0
2023-02-25T03:00:21Z,81.0
2023-02-25T03:00:26Z,82.0
2023-02-25T03:00:31Z,81.0
2023-02-25T03:00:36Z,79.0
2023-02-25T03:00:46Z,80.0
2023-02-25T03:00:51Z,82.0
2023-02-25T03:00:56Z,81.0
2023-02-25T03:01:01Z,84.0
2023-02-25T03:01:06Z,85.0
2023-02-25T03:01:11Z,81.0
2023-02-25T03:01:16Z,80.0
2023-02-25T03:01:21Z,79.0
2023-02-25T03:01:26Z,80.0
2023-02-25T03:01:31Z,80.0
2023-02-25T03:01:36Z,80.0
2023-02-25T03:01:41Z,81.0
2023-02-25T03:01:46Z,83.0
2023-02-25T03:01:51Z,85.0
2023-02-25T03:01:56Z,90.0
2023-02-25T03:02:01Z,94.0
2023-02-25T03:02:16Z,100.0
2023-02-25T03:02:21Z,101.0
2023-02-25T03:02:26Z,98.0
2023-02-25T03:02:31Z,95.0
2023-02-25T03:02:36Z,90.0
2023-02-25T03:02:41Z,86.0
2023-02-25T03:02:51Z,91.0
2023-02-25T03:02:56Z,88.0
2023-02-25T03:03:01Z,87.0
2023-02-25T03:03:06Z,86.0
2023-02-25T03:03:11Z,87.0
2023-02-25T03:03:16Z,89.0
2023-02-25T03:03:26Z,81.0
2023-02-25T03:03:31Z,77.0
2023-02-25T03:03:36Z,73.0
2023-02-25T03:03:41Z,71.0
2023-02-25T03:03:46Z,71.0
2023-02-25T03:03:51Z,76.0
2023-02-25T03:03:56Z,74.0
2023-02-25T03:04:06Z,73.0
2023-02-25T03:04:11Z,74.0
2023-02-25T03:04:16Z,72.0
2023-02-25T03:04:21Z,75.0
2023-02-25T03:04:26Z,79.0
2023-02-25T03:04:31Z,83.0
2023-02-25T03:04:36Z,86.0
2023-02-25T03:04:41Z,89.0
2023-02-25T03:04:46Z,91.0
2023-02-25T03:04:51Z,93.0
2023-02-25T03:04:56Z,84.0
2023-02-25T03:05:01Z,77.0
2023-02-25T03:05:06Z,72.0
2023-02-25T03:05:11Z,71.0
2023-02-25T03:05:16Z,73.0
2023-02-25T03:05:21Z,77.0
2023-02-25T03:05:26Z,78.0
2023-02-25T03:05:31Z,77.0
2023-02-25T03:05:36Z,75.0
2023-02-25T03:05:46Z,76.0
2023-02-25T03:05:56Z,75.0
2023-02-25T03:06:01Z,73.0
2023-02-25T03:06:16Z,73.0
2023-02-25T03:06:21Z,74.0
2023-02-25T03:06:26Z,78.0
2023-02-25T03:06:31Z,79.0
2023-02-25T03:06:36Z,77.0
2023-02-25T03:06:41Z,74.0
2023-02-25T03:06:46Z,72.0
2023-02-25T03:06:51Z,73.0
2023-02-25T03:07:06Z,72.0
2023-02-25T03:07:11Z,70.0
2023-02-25T03:07:26Z,70.0
2023-02-25T03:07:31Z,71.0
2023-02-25T03:07:36Z,70.0
2023-02-25T03:07:41Z,71.0
2023-02-25T03:07:56Z,72.0
2023-02-25T03:08:01Z,73.0
2023-02-25T03:08:06Z,74.0
2023-02-25T03:08:11Z,75.0
2023-02-25T03:08:21Z,74.0
2023-02-25T03:08:26Z,73.0
2023-02-25T03:08:31Z,72.0
2023-02-25T03:08:36Z,71.0
2023-02-25T03:08:41Z,71.0
2023-02-25T03:08:56Z,71.0
2023-02-25T03:09:01Z,72.0
2023-02-25T03:09:11Z,75.0
2023-02-25T03:09:16Z,75.0
2023-02-25T03:09:21Z,74.0
2023-02-25T03:09:26Z,74.0
2023-02-25T03:09:31Z,73.0
2023-02-25T03:09:36Z,72.0
2023-02-25T03:09:51Z,72.0
2023-02-25T03:09:56Z,73.0
2023-02-25T03:10:06Z,74.0
2023-02-25T03:10:11Z,75.0
2023-02-25T03:10:16Z,73.0
2023-02-25T03:10:21Z,72.0
2023-02-25T03:10:26Z,71.0
2023-02-25T03:10:31Z,69.0
2023-02-25T03:10:41Z,68.0
2023-02-25T03:10:46Z,69.0
2023-02-25T03:10:51Z,68.0
2023-02-25T03:10:56Z,70.0
2023-02-25T03:11:01Z,69.0
2023-02-25T03:11:06Z,69.0
2023-02-25T03:11:11Z,71.0
2023-02-25T03:11:16Z,69.0
2023-02-25T03:11:21Z,67.0
2023-02-25T03:11:31Z,68.0
2023-02-25T03:11:36Z,69.0
2023-02-25T03:11:41Z,71.0
2023-02-25T03:11:46Z,73.0
2023-02-25T03:11:51Z,75.0
2023-02-25T03:11:56Z,74.0
2023-02-25T03:12:01Z,72.0
2023-02-25T03:12:06Z,71.0
2023-02-25T03:12:21Z,72.0
2023-02-25T03:12:26Z,73.0
2023-02-25T03:12:31Z,74.0
2023-02-25T03:12:36Z,74.0
2023-02-25T03:12:41Z,71.0
2023-02-25T03:12:51Z,70.0
2023-02-25T03:12:56Z,69.0
2023-02-25T03:13:01Z,67.0
2023-02-25T03:13:06Z,65.0
2023-02-25T03:13:11Z,64.0
2023-02-25T03:13:21Z,67.0
2023-02-25T03:13:26Z,69.0
2023-02-25T03:13:31Z,68.0
2023-02-25T03:13:46Z,68.0
2023-02-25T03:13:56Z,70.0
2023-02-25T03:14:01Z,71.0
2023-02-25T03:14:06Z,70.0
2023-02-25T03:14:11Z,72.0
2023-02-25T03:14:16Z,71.0
2023-02-25T03:14:21Z,69.0
2023-02-25T03:14:26Z,67.0
2023-02-25T03:14:31Z,68.0
2023-02-25T03:14:37Z,68.0
2023-02-25T03:14:42Z,71.0
2023-02-25T03:14:47Z,83.0
2023-02-25T03:14:52Z,87.0
2023-02-25T03:14:57Z,79.0
2023-02-25T03:15:02Z,71.0
2023-02-25T03:15:07Z,68.0
2023-02-25T03:15:12Z,69.0
2023-02-25T03:15:17Z,70.0
2023-02-25T03:15:32Z,69.0
2023-02-25T03:15:37Z,68.0
2023-02-25T03:15:42Z,69.0
2023-02-25T03:15:47Z,66.0
2023-02-25T03:15:57Z,69.0
2023-02-25T03:16:07Z,70.0
2023-02-25T03:16:12Z,68.0
2023-02-25T03:16:17Z,69.0
2023-02-25T03:16:32Z,68.0
2023-02-25T03:16:42Z,69.0
2023-02-25T03:16:47Z,70.0
2023-02-25T03:16:52Z,71.0
2023-02-25T03:16:57Z,72.0
2023-02-25T03:17:02Z,73.0
2023-02-25T03:17:07Z,73.0
2023-02-25T03:17:12Z,71.0
2023-02-25T03:17:17Z,70.0
2023-02-25T03:17:22Z,73.0
2023-02-25T03:17:27Z,72.0
2023-02-25T03:17:32Z,69.0
2023-02-25T03:17:47Z,71.0
2023-02-25T03:17:52Z,73.0
2023-02-25T03:17:57Z,72.0
2023-02-25T03:18:02Z,69.0
2023-02-25T03:18:07Z,67.0
2023-02-25T03:18:12Z,69.0
2023-02-25T03:18:22Z,67.0
2023-02-25T03:18:27Z,66.0
2023-02-25T03:18:32Z,67.0
2023-02-25T03:18:37Z,66.0
2023-02-25T03:18:47Z,67.0
2023-02-25T03:18:57Z,66.0
2023-02-25T03:19:02Z,67.0
2023-02-25T03:19:07Z,71.0
2023-02-25T03:19:12Z,74.0
2023-02-25T03:19:17Z,72.0
2023-02-25T03:19:22Z,70.0
2023-02-25T03:19:27Z,69.0
2023-02-25T03:19:42Z,70.0
2023-02-25T03:19:47Z,74.0
2023-02-25T03:19:52Z,76.0
2023-02-25T03:19:57Z,79.0
2023-02-25T03:20:02Z,82.0
2023-02-25T03:20:07Z,78.0
2023-02-25T03:20:12Z,72.0
2023-02-25T03:20:17Z,69.0
2023-02-25T03:20:22Z,70.0
2023-02-25T03:20:27Z,71.0
2023-02-25T03:20:32Z,72.0
2023-02-25T03:20:42Z,71.0
2023-02-25T03:20:47Z,70.0
2023-02-25T03:20:52Z,71.0
2023-02-25T03:21:07Z,71.0
2023-02-25T03:21:22Z,72.0
2023-02-25T03:21:27Z,73.0
2023-02-25T03:21:42Z,73.0
2023-02-25T03:21:57Z,74.0
2023-02-25T03:22:02Z,73.0
2023-02-25T03:22:17Z,73.0
2023-02-25T03:22:27Z,72.0
2023-02-25T03:22:37Z,71.0
2023-02-25T03:22:42Z,69.0
2023-02-25T03:22:52Z,71.0
2023-02-25T03:22:57Z,70.0
2023-02-25T03:23:02Z,72.0
2023-02-25T03:23:12Z,73.0
2023-02-25T03:23:22Z,74.0
2023-02-25T03:23:27Z,73.0
2023-02-25T03:23:42Z,74.0
2023-02-25T03:23:47Z,72.0
2023-02-25T03:23:52Z,71.0
2023-02-25T03:23:57Z,71.0
2023-02-25T03:24:02Z,70.0
2023-02-25T03:24:12Z,69.0
2023-02-25T03:24:17Z,70.0
2023-02-25T03:24:22Z,69.0
2023-02-25T03:24:32Z,70.0
2023-02-25T03:24:42Z,69.0
2023-02-25T03:24:47Z,71.0
2023-02-25T03:24:52Z,73.0
2023-02-25T03:25:07Z,73.0
2023-02-25T03:25:12Z,70.0
2023-02-25T03:25:22Z,71.0
2023-02-25T03:25:27Z,71.0
2023-02-25T03:25:32Z,70.0
2023-02-25T03:25:37Z,71.0
2023-02-25T03:25:47Z,70.0
2023-02-25T03:26:02Z,70.0
2023-02-25T03:26:07Z,69.0
2023-02-25T03:26:17Z,70.0
2023-02-25T03:26:22Z,73.0
2023-02-25T03:26:27Z,72.0
2023-02-25T03:26:32Z,70.0
2023-02-25T03:26:37Z,69.0
2023-02-25T03:26:42Z,70.0
2023-02-25T03:26:47Z,71.0
2023-02-25T03:26:57Z,72.0
2023-02-25T03:27:07Z,71.0
2023-02-25T03:27:12Z,70.0
2023-02-25T03:27:22Z,71.0
2023-02-25T03:27:27Z,72.0
2023-02-25T03:27:32Z,70.0
2023-02-25T03:27:37Z,69.0
2023-02-25T03:27:42Z,68.0
2023-02-25T03:27:47Z,67.0
2023-02-25T03:27:52Z,69.0
2023-02-25T03:27:57Z,71.0
2023-02-25T03:28:02Z,70.0
2023-02-25T03:28:17Z,70.0
2023-02-25T03:28:32Z,70.0
2023-02-25T03:28:37Z,71.0
2023-02-25T03:28:42Z,70.0
2023-02-25T03:28:57Z,72.0
2023-02-25T03:29:02Z,71.0
2023-02-25T03:29:12Z,72.0
2023-02-25T03:29:17Z,71.0
2023-02-25T03:29:22Z,72.0
2023-02-25T03:29:27Z,71.0
2023-02-25T03:29:32Z,72.0
2023-02-25T03:29:37Z,71.0
2023-02-25T03:29:52Z,71.0
2023-02-25T03:30:07Z,71.0
2023-02-25T03:30:12Z,72.0
2023-02-25T03:30:22Z,71.0
2023-02-25T03:30:37Z,71.0
2023-02-25T03:30:42Z,71.0
2023-02-25T03:30:57Z,71.0
2023-02-25T03:31:12Z,71.0
2023-02-25T03:31:17Z,71.0
2023-02-25T03:31:22Z,71.0
2023-02-25T03:31:27Z,70.0
2023-02-25T03:31:37Z,71.0
2023-02-25T03:31:42Z,72.0
2023-02-25T03:31:47Z,73.0
2023-02-25T03:31:57Z,72.0
2023-02-25T03:32:02Z,71.0
2023-02-25T03:32:12Z,72.0
2023-02-25T03:32:17Z,73.0
2023-02-25T03:32:22Z,72.0
2023-02-25T03:32:27Z,71.0
2023-02-25T03:32:37Z,70.0
2023-02-25T03:32:42Z,69.0
2023-02-25T03:32:52Z,70.0
2023-02-25T03:32:57Z,69.0
2023-02-25T03:33:07Z,70.0
2023-02-25T03:33:12Z,71.0
2023-02-25T03:33:17Z,72.0
2023-02-25T03:33:27Z,71.0
2023-02-25T03:33:37Z,72.0
2023-02-25T03:33:47Z,71.0
2023-02-25T03:33:52Z,70.0
2023-02-25T03:34:07Z,71.0
2023-02-25T03:34:12Z,71.0
2023-02-25T03:34:17Z,70.0
2023-02-25T03:34:27Z,71.0
2023-02-25T03:34:32Z,72.0
2023-02-25T03:34:37Z,73.0
2023-02-25T03:34:42Z,72.0
2023-02-25T03:34:47Z,71.0
2023-02-25T03:34:57Z,73.0
2023-02-25T03:35:02Z,74.0
2023-02-25T03:35:12Z,66.0
2023-02-25T03:35:17Z,65.0
2023-02-25T03:35:22Z,65.0
2023-02-25T03:35:27Z,67.0
2023-02-25T03:35:32Z,68.0
2023-02-25T03:35:37Z,69.0
2023-02-25T03:35:42Z,71.0
2023-02-25T03:35:47Z,72.0
2023-02-25T03:35:52Z,71.0
2023-02-25T03:35:57Z,69.0
2023-02-25T03:36:02Z,68.0
2023-02-25T03:36:07Z,66.0
2023-02-25T03:36:12Z,65.0
2023-02-25T03:36:27Z,66.0
2023-02-25T03:36:32Z,68.0
2023-02-25T03:36:42Z,69.0
2023-02-25T03:36:47Z,70.0
2023-02-25T03:36:52Z,69.0
2023-02-25T03:36:57Z,69.0
2023-02-25T03:37:02Z,70.0
2023-02-25T03:37:07Z,70.0
2023-02-25T03:37:12Z,69.0
2023-02-25T03:37:17Z,67.0
2023-02-25T03:37:22Z,66.0
2023-02-25T03:37:27Z,67.0
2023-02-25T03:37:32Z,66.0
2023-02-25T03:37:37Z,65.0
2023-02-25T03:37:42Z,66.0
2023-02-25T03:37:47Z,65.0
2023-02-25T03:37:52Z,66.0
2023-02-25T03:37:57Z,64.0
2023-02-25T03:38:07Z,65.0
2023-02-25T03:38:12Z,66.0
2023-02-25T03:38:27Z,66.0
2023-02-25T03:38:37Z,68.0
2023-02-25T03:38:42Z,67.0
2023-02-25T03:38:47Z,69.0
2023-02-25T03:38:52Z,72.0
2023-02-25T03:38:57Z,73.0
2023-02-25T03:39:02Z,71.0
2023-02-25T03:39:07Z,70.0
2023-02-25T03:39:17Z,68.0
2023-02-25T03:39:22Z,66.0
2023-02-25T03:39:27Z,65.0
2023-02-25T03:39:37Z,66.0
2023-02-25T03:39:42Z,67.0
2023-02-25T03:39:47Z,69.0
2023-02-25T03:40:02Z,69.0
2023-02-25T03:40:07Z,70.0
2023-02-25T03:40:12Z,71.0
2023-02-25T03:40:17Z,70.0
2023-02-25T03:40:22Z,69.0
2023-02-25T03:40:27Z,68.0
2023-02-25T03:40:37Z,70.0
2023-02-25T03:40:42Z,70.0
2023-02-25T03:40:47Z,69.0
2023-02-25T03:40:52Z,70.0
2023-02-25T03:41:07Z,69.0
2023-02-25T03:41:12Z,67.0
2023-02-25T03:41:17Z,66.0
2023-02-25T03:41:22Z,67.0
2023-02-25T03:41:37Z,69.0
2023-02-25T03:41:42Z,70.0
2023-02-25T03:41:47Z,71.0
2023-02-25T03:41:52Z,70.0
2023-02-25T03:41:57Z,71.0
2023-02-25T03:42:02Z,72.0
2023-02-25T03:42:07Z,72.0
2023-02-25T03:42:12Z,71.0
2023-02-25T03:42:17Z,69.0
2023-02-25T03:42:22Z,68.0
2023-02-25T03:42:32Z,70.0
2023-02-25T03:42:37Z,69.0
2023-02-25T03:42:47Z,71.0
2023-02-25T03:42:52Z,72.0
2023-02-25T03:43:02Z,71.0
2023-02-25T03:43:12Z,69.0
2023-02-25T03:43:17Z,68.0
2023-02-25T03:43:22Z,68.0
2023-02-25T03:43:32Z,67.0
2023-02-25T03:43:47Z,67.0
2023-02-25T03:43:52Z,68.0
2023-02-25T03:44:02Z,69.0
2023-02-25T03:44:12Z,70.0
2023-02-25T03:44:17Z,69.0
2023-02-25T03:44:27Z,71.0
2023-02-25T03:44:32Z,70.0
2023-02-25T03:44:47Z,70.0
2023-02-25T03:44:57Z,69.0
2023-02-25T03:45:12Z,69.0
2023-02-25T03:45:17Z,70.0
2023-02-25T03:45:22Z,70.0
2023-02-25T03:45:27Z,68.0
2023-02-25T03:45:32Z,69.0
2023-02-25T03:45:47Z,70.0
2023-02-25T03:45:52Z,72.0
2023-02-25T03:45:57Z,71.0
2023-02-25T03:46:02Z,71.0
2023-02-25T03:46:07Z,70.0
2023-02-25T03:46:12Z,71.0
2023-02-25T03:46:17Z,70.0
2023-02-25T03:46:22Z,69.0
2023-02-25T03:46:27Z,70.0
2023-02-25T03:46:32Z,71.0
2023-02-25T03:46:37Z,72.0
2023-02-25T03:46:42Z,73.0
2023-02-25T03:46:47Z,74.0
2023-02-25T03:46:52Z,74.0
2023-02-25T03:47:02Z,73.0
2023-02-25T03:47:07Z,72.0
2023-02-25T03:47:12Z,72.0
2023-02-25T03:47:17Z,71.0
2023-02-25T03:47:22Z,70.0
2023-02-25T03:47:27Z,69.0
2023-02-25T03:47:37Z,69.0
2023-02-25T03:47:42Z,70.0
2023-02-25T03:47:47Z,71.0
2023-02-25T03:47:52Z,70.0
2023-02-25T03:47:57Z,69.0
2023-02-25T03:48:02Z,68.0
2023-02-25T03:48:07Z,66.0
2023-02-25T03:48:12Z,67.0
2023-02-25T03:48:17Z,68.0
2023-02-25T03:48:22Z,70.0
2023-02-25T03:48:27Z,71.0
2023-02-25T03:48:32Z,71.0
2023-02-25T03:48:37Z,70.0
2023-02-25T03:48:42Z,69.0
2023-02-25T03:48:57Z,70.0
2023-02-25T03:49:02Z,71.0
2023-02-25T03:49:07Z,70.0
2023-02-25T03:49:12Z,69.0
2023-02-25T03:49:17Z,68.0
2023-02-25T03:49:27Z,67.0
2023-02-25T03:49:37Z,68.0
2023-02-25T03:49:47Z,70.0
2023-02-25T03:49:52Z,71.0
2023-02-25T03:50:02Z,70.0
2023-02-25T03:50:07Z,71.0
2023-02-25T03:50:17Z,71.0
2023-02-25T03:50:22Z,71.0
2023-02-25T03:50:32Z,69.0
2023-02-25T03:50:37Z,70.0
2023-02-25T03:50:47Z,70.0
2023-02-25T03:50:52Z,70.0
2023-02-25T03:50:57Z,72.0
2023-02-25T03:51:02Z,72.0
2023-02-25T03:51:07Z,71.0
2023-02-25T03:51:12Z,70.0
2023-02-25T03:51:17Z,70.0
2023-02-25T03:51:22Z,70.0
2023-02-25T03:51:37Z,70.0
2023-02-25T03:51:42Z,70.0
2023-02-25T03:51:47Z,70.0
2023-02-25T03:51:52Z,69.0
2023-02-25T03:51:57Z,68.0
2023-02-25T03:52:02Z,69.0
2023-02-25T03:52:07Z,70.0
2023-02-25T03:52:17Z,71.0
2023-02-25T03:52:22Z,72.0
2023-02-25T03:52:27Z,70.0
2023-02-25T03:52:32Z,70.0
2023-02-25T03:52:37Z,71.0
2023-02-25T03:52:47Z,71.0
2023-02-25T03:52:52Z,70.0
2023-02-25T03:53:02Z,72.0
2023-02-25T03:53:17Z,72.0
2023-02-25T03:53:22Z,72.0
2023-02-25T03:53:32Z,73.0
2023-02-25T03:53:47Z,72.0
2023-02-25T03:53:52Z,73.0
2023-02-25T03:54:07Z,73.0
2023-02-25T03:54:22Z,73.0
2023-02-25T03:54:27Z,73.0
2023-02-25T03:54:37Z,73.0
2023-02-25T03:54:42Z,71.0
2023-02-25T03:54:47Z,71.0
2023-02-25T03:54:52Z,71.0
2023-02-25T03:54:57Z,70.0
2023-02-25T03:55:12Z,71.0
2023-02-25T03:55:17Z,71.0
2023-02-25T03:55:22Z,72.0
2023-02-25T03:55:27Z,71.0
2023-02-25T03:55:32Z,72.0
2023-02-25T03:55:37Z,76.0
2023-02-25T03:55:42Z,82.0
2023-02-25T03:55:47Z,85.0
2023-02-25T03:55:52Z,81.0
2023-02-25T03:55:57Z,88.0
2023-02-25T03:56:02Z,83.0
2023-02-25T03:56:07Z,78.0
2023-02-25T03:56:12Z,76.0
2023-02-25T03:56:17Z,75.0
2023-02-25T03:56:22Z,77.0
2023-02-25T03:56:27Z,76.0
2023-02-25T03:56:32Z,75.0
2023-02-25T03:56:37Z,73.0
2023-02-25T03:56:52Z,73.0
2023-02-25T03:56:57Z,74.0
2023-02-25T03:57:02Z,73.0
2023-02-25T03:57:07Z,71.0
2023-02-25T03:57:12Z,70.0
2023-02-25T03:57:17Z,71.0
2023-02-25T03:57:22Z,70.0
2023-02-25T03:57:27Z,68.0
2023-02-25T03:57:32Z,70.0
2023-02-25T03:57:37Z,71.0
2023-02-25T03:57:42Z,71.0
2023-02-25T03:57:47Z,72.0
2023-02-25T03:57:57Z,73.0
2023-02-25T03:58:02Z,72.0
2023-02-25T03:58:07Z,73.0
2023-02-25T03:58:12Z,74.0
2023-02-25T03:58:22Z,75.0
2023-02-25T03:58:27Z,74.0
2023-02-25T03:58:32Z,73.0
2023-02-25T03:58:37Z,74.0
2023-02-25T03:58:42Z,76.0
2023-02-25T03:58:47Z,74.0
2023-02-25T03:58:52Z,71.0
2023-02-25T03:59:02Z,72.0
2023-02-25T03:59:12Z,73.0
2023-02-25T03:59:17Z,75.0
2023-02-25T03:59:22Z,73.0
2023-02-25T03:59:27Z,73.0
2023-02-25T03:59:42Z,74.0
2023-02-25T03:59:47Z,71.0
2023-02-25T03:59:52Z,70.0
2023-02-25T03:59:57Z,71.0
2023-02-25T04:00:02Z,68.0
2023-02-25T04:00:12Z,70.0
2023-02-25T04:00:17Z,74.0
2023-02-25T04:00:32Z,74.0
2023-02-25T04:00:37Z,76.0
2023-02-25T04:00:42Z,76.0
2023-02-25T04:00:47Z,75.0
2023-02-25T04:00:52Z,73.0
2023-02-25T04:01:07Z,75.0
2023-02-25T04:01:12Z,73.0
2023-02-25T04:01:17Z,72.0
2023-02-25T04:01:22Z,73.0
2023-02-25T04:01:27Z,75.0
2023-02-25T04:01:32Z,76.0
2023-02-25T04:01:47Z,73.0
2023-02-25T04:01:52Z,70.0
2023-02-25T04:02:02Z,69.0
2023-02-25T04:02:07Z,68.0
2023-02-25T04:02:17Z,71.0
2023-02-25T04:02:22Z,72.0
2023-02-25T04:02:27Z,74.0
2023-02-25T04:02:32Z,70.0
2023-02-25T04:02:37Z,69.0
2023-02-25T04:02:42Z,70.0
2023-02-25T04:02:47Z,72.0
2023-02-25T04:02:57Z,71.0
2023-02-25T04:03:02Z,71.0
2023-02-25T04:03:12Z,70.0
2023-02-25T04:03:17Z,71.0
2023-02-25T04:03:22Z,72.0
2023-02-25T04:03:27Z,70.0
2023-02-25T04:03:37Z,72.0
2023-02-25T04:03:42Z,72.0
2023-02-25T04:03:47Z,70.0
2023-02-25T04:03:52Z,69.0
2023-02-25T04:03:57Z,68.0
2023-02-25T04:04:02Z,67.0
2023-02-25T04:04:07Z,69.0
2023-02-25T04:04:12Z,71.0
2023-02-25T04:04:17Z,73.0
2023-02-25T04:04:22Z,72.0
2023-02-25T04:04:27Z,74.0
2023-02-25T04:04:37Z,75.0
2023-02-25T04:04:42Z,72.0
2023-02-25T04:04:47Z,70.0
2023-02-25T04:04:52Z,69.0
2023-02-25T04:04:57Z,71.0
2023-02-25T04:05:02Z,70.0
2023-02-25T04:05:07Z,71.0
2023-02-25T04:05:17Z,71.0
2023-02-25T04:05:32Z,73.0
2023-02-25T04:05:37Z,74.0
2023-02-25T04:05:47Z,76.0
2023-02-25T04:05:52Z,78.0
2023-02-25T04:05:57Z,79.0
2023-02-25T04:06:02Z,80.0
2023-02-25T04:06:07Z,81.0
2023-02-25T04:06:17Z,80.0
2023-02-25T04:06:22Z,79.0
2023-02-25T04:06:27Z,79.0
2023-02-25T04:06:32Z,80.0
2023-02-25T04:06:37Z,76.0
2023-02-25T04:06:42Z,74.0
2023-02-25T04:06:47Z,73.0
2023-02-25T04:06:52Z,74.0
2023-02-25T04:06:57Z,76.0
2023-02-25T04:07:02Z,75.0
2023-02-25T04:07:07Z,73.0
2023-02-25T04:07:12Z,70.0
2023-02-25T04:07:17Z,69.0
2023-02-25T04:07:22Z,78.0
2023-02-25T04:07:27Z,80.0
2023-02-25T04:07:32Z,73.0
2023-02-25T04:07:37Z,68.0
2023-02-25T04:07:47Z,69.0
2023-02-25T04:07:52Z,70.0
2023-02-25T04:07:57Z,71.0
2023-02-25T04:08:07Z,70.0
2023-02-25T04:08:12Z,69.0
2023-02-25T04:08:17Z,67.0
2023-02-25T04:08:22Z,67.0
2023-02-25T04:08:27Z,74.0
2023-02-25T04:08:32Z,75.0
2023-02-25T04:08:37Z,69.0
2023-02-25T04:08:42Z,64.0
2023-02-25T04:08:47Z,62.0
2023-02-25T04:08:57Z,64.0
2023-02-25T04:09:02Z,68.0
2023-02-25T04:09:07Z,69.0
2023-02-25T04:09:12Z,71.0
2023-02-25T04:09:22Z,72.0
2023-02-25T04:09:32Z,73.0
2023-02-25T04:09:37Z,74.0
2023-02-25T04:09:42Z,73.0
2023-02-25T04:09:47Z,74.0
2023-02-25T04:09:52Z,76.0
2023-02-25T04:09:57Z,76.0
2023-02-25T04:10:02Z,78.0
2023-02-25T04:10:07Z,79.0
2023-02-25T04:10:12Z,82.0
2023-02-25T04:10:17Z,84.0
2023-02-25T04:10:22Z,82.0
2023-02-25T04:10:27Z,76.0
2023-02-25T04:10:32Z,71.0
2023-02-25T04:10:37Z,69.0
2023-02-25T04:10:42Z,71.0
2023-02-25T04:10:47Z,73.0
2023-02-25T04:10:52Z,74.0
2023-02-25T04:10:57Z,74.0
2023-02-25T04:11:02Z,76.0
2023-02-25T04:11:07Z,75.0
2023-02-25T04:11:12Z,74.0
2023-02-25T04:11:17Z,75.0
2023-02-25T04:11:22Z,73.0
2023-02-25T04:11:27Z,70.0
2023-02-25T04:11:32Z,68.0
2023-02-25T04:11:47Z,68.0
2023-02-25T04:11:57Z,69.0
2023-02-25T04:12:02Z,70.0
2023-02-25T04:12:07Z,71.0
2023-02-25T04:12:12Z,72.0
2023-02-25T04:12:17Z,73.0
2023-02-25T04:12:22Z,75.0
2023-02-25T04:12:27Z,76.0
2023-02-25T04:12:32Z,75.0
2023-02-25T04:12:37Z,74.0
2023-02-25T04:12:42Z,75.0
2023-02-25T04:12:52Z,74.0
2023-02-25T04:12:57Z,73.0
2023-02-25T04:13:12Z,72.0
2023-02-25T04:13:17Z,71.0
2023-02-25T04:13:27Z,72.0
2023-02-25T04:13:32Z,73.0
2023-02-25T04:13:37Z,76.0
2023-02-25T04:13:42Z,79.0
2023-02-25T04:13:47Z,78.0
2023-02-25T04:13:52Z,77.0
2023-02-25T04:13:57Z,79.0
2023-02-25T04:14:02Z,77.0
2023-02-25T04:14:07Z,75.0
2023-02-25T04:14:12Z,74.0
2023-02-25T04:14:17Z,73.0
2023-02-25T04:14:27Z,75.0
2023-02-25T04:14:32Z,79.0
2023-02-25T04:14:42Z,75.0
2023-02-25T04:14:52Z,77.0
2023-02-25T04:15:02Z,75.0
2023-02-25T04:15:07Z,73.0
2023-02-25T04:15:12Z,72.0
2023-02-25T04:15:17Z,71.0
2023-02-25T04:15:22Z,70.0
2023-02-25T04:15:27Z,69.0
2023-02-25T04:15:37Z,69.0
2023-02-25T04:15:42Z,69.0
2023-02-25T04:15:47Z,70.0
2023-02-25T04:15:57Z,69.0
2023-02-25T04:16:02Z,70.0
2023-02-25T04:16:12Z,71.0
2023-02-25T04:16:17Z,72.0
2023-02-25T04:16:22Z,73.0
2023-02-25T04:16:27Z,74.0
2023-02-25T04:16:32Z,75.0
2023-02-25T04:16:37Z,75.0
2023-02-25T04:16:42Z,76.0
2023-02-25T04:16:47Z,75.0
2023-02-25T04:16:52Z,73.0
2023-02-25T04:16:57Z,73.0
2023-02-25T04:17:02Z,73.0
2023-02-25T04:17:17Z,73.0
2023-02-25T04:17:32Z,70.0
2023-02-25T04:17:42Z,71.0
2023-02-25T04:17:47Z,72.0
2023-02-25T04:17:52Z,71.0
2023-02-25T04:17:57Z,72.0
2023-02-25T04:18:02Z,74.0
2023-02-25T04:18:17Z,74.0
2023-02-25T04:18:27Z,73.0
2023-02-25T04:18:32Z,75.0
2023-02-25T04:18:37Z,77.0
2023-02-25T04:18:47Z,70.0
2023-02-25T04:18:57Z,73.0
2023-02-25T04:19:02Z,74.0
2023-02-25T04:19:07Z,73.0
2023-02-25T04:19:17Z,74.0
2023-02-25T04:19:22Z,73.0
2023-02-25T04:19:27Z,71.0
2023-02-25T04:19:32Z,71.0
2023-02-25T04:19:37Z,71.0
2023-02-25T04:19:42Z,73.0
2023-02-25T04:19:47Z,74.0
2023-02-25T04:19:52Z,73.0
2023-02-25T04:19:57Z,72.0
2023-02-25T04:20:02Z,72.0
2023-02-25T04:20:07Z,72.0
2023-02-25T04:20:17Z,71.0
2023-02-25T04:20:27Z,72.0
2023-02-25T04:20:32Z,71.0
2023-02-25T04:20:37Z,72.0
2023-02-25T04:20:42Z,72.0
2023-02-25T04:20:47Z,73.0
2023-02-25T04:20:52Z,75.0
2023-02-25T04:20:57Z,76.0
2023-02-25T04:21:02Z,77.0
2023-02-25T04:21:07Z,79.0
2023-02-25T04:21:12Z,78.0
2023-02-25T04:21:27Z,77.0
2023-02-25T04:21:42Z,78.0
2023-02-25T04:21:47Z,80.0
2023-02-25T04:21:57Z,83.0
2023-02-25T04:22:07Z,80.0
2023-02-25T04:22:12Z,78.0
2023-02-25T04:22:17Z,77.0
2023-02-25T04:22:27Z,78.0
2023-02-25T04:22:32Z,80.0
2023-02-25T04:22:37Z,81.0
2023-02-25T04:22:42Z,78.0
2023-02-25T04:22:47Z,75.0
2023-02-25T04:22:52Z,73.0
2023-02-25T04:23:02Z,72.0
2023-02-25T04:23:07Z,71.0
2023-02-25T04:23:12Z,70.0
2023-02-25T04:23:17Z,69.0
2023-02-25T04:23:27Z,70.0
2023-02-25T04:23:32Z,71.0
2023-02-25T04:23:42Z,72.0
2023-02-25T04:23:47Z,73.0
2023-02-25T04:23:52Z,74.0
2023-02-25T04:24:07Z,76.0
2023-02-25T04:24:12Z,79.0
2023-02-25T04:24:17Z,75.0
2023-02-25T04:24:22Z,74.0
2023-02-25T04:24:27Z,76.0
2023-02-25T04:24:32Z,78.0
2023-02-25T04:24:37Z,78.0
2023-02-25T04:24:42Z,76.0
2023-02-25T04:24:47Z,73.0
2023-02-25T04:24:52Z,71.0
2023-02-25T04:24:57Z,69.0
2023-02-25T04:25:02Z,68.0
2023-02-25T04:25:07Z,68.0
2023-02-25T04:25:12Z,69.0
2023-02-25T04:25:17Z,71.0
2023-02-25T04:25:32Z,71.0
2023-02-25T04:25:37Z,72.0
2023-02-25T04:25:42Z,74.0
2023-02-25T04:25:47Z,75.0
2023-02-25T04:25:52Z,77.0
2023-02-25T04:25:57Z,76.0
2023-02-25T04:26:07Z,78.0
2023-02-25T04:26:22Z,78.0
2023-02-25T04:26:27Z,77.0
2023-02-25T04:26:37Z,78.0
2023-02-25T04:26:42Z,76.0
2023-02-25T04:26:47Z,75.0
2023-02-25T04:26:52Z,74.0
2023-02-25T04:27:02Z,75.0
2023-02-25T04:27:17Z,76.0
2023-02-25T04:27:22Z,77.0
2023-02-25T04:27:27Z,76.0
2023-02-25T04:27:32Z,75.0
2023-02-25T04:27:42Z,77.0
2023-02-25T04:27:47Z,78.0
2023-02-25T04:27:52Z,76.0
2023-02-25T04:27:57Z,75.0
2023-02-25T04:28:12Z,74.0
2023-02-25T04:28:22Z,73.0
2023-02-25T04:28:27Z,74.0
2023-02-25T04:28:32Z,73.0
2023-02-25T04:28:37Z,72.0
2023-02-25T04:28:42Z,70.0
2023-02-25T04:28:47Z,69.0
2023-02-25T04:29:02Z,68.0
2023-02-25T04:29:12Z,70.0
2023-02-25T04:29:22Z,70.0
2023-02-25T04:29:27Z,71.0
2023-02-25T04:29:42Z,73.0
2023-02-25T04:29:47Z,73.0
2023-02-25T04:29:57Z,75.0
2023-02-25T04:30:02Z,77.0
2023-02-25T04:30:07Z,76.0
2023-02-25T04:30:12Z,75.0
2023-02-25T04:30:17Z,75.0
2023-02-25T04:30:22Z,76.0
2023-02-25T04:30:27Z,78.0
2023-02-25T04:30:32Z,79.0
2023-02-25T04:30:37Z,78.0
2023-02-25T04:30:42Z,75.0
2023-02-25T04:30:52Z,74.0
2023-02-25T04:30:57Z,73.0
2023-02-25T04:31:02Z,72.0
2023-02-25T04:31:07Z,73.0
2023-02-25T04:31:12Z,72.0
2023-02-25T04:31:17Z,72.0
2023-02-25T04:31:22Z,72.0
2023-02-25T04:31:32Z,73.0
2023-02-25T04:31:47Z,73.0
2023-02-25T04:31:57Z,74.0
2023-02-25T04:32:02Z,75.0
2023-02-25T04:32:07Z,76.0
2023-02-25T04:32:12Z,75.0
2023-02-25T04:32:17Z,73.0
2023-02-25T04:32:22Z,73.0
2023-02-25T04:32:27Z,75.0
2023-02-25T04:32:32Z,76.0
2023-02-25T04:32:37Z,77.0
2023-02-25T04:32:42Z,77.0
2023-02-25T04:32:47Z,75.0
2023-02-25T04:32:52Z,74.0
2023-02-25T04:32:57Z,73.0
2023-02-25T04:33:02Z,72.0
2023-02-25T04:33:07Z,71.0
2023-02-25T04:33:12Z,69.0
2023-02-25T04:33:22Z,70.0
2023-02-25T04:33:27Z,72.0
2023-02-25T04:33:32Z,71.0
2023-02-25T04:33:37Z,69.0
2023-02-25T04:33:42Z,71.0
2023-02-25T04:33:47Z,72.0
2023-02-25T04:33:52Z,74.0
2023-02-25T04:33:57Z,75.0
2023-02-25T04:34:02Z,76.0
2023-02-25T04:34:17Z,75.0
2023-02-25T04:34:22Z,74.0
2023-02-25T04:34:27Z,71.0
2023-02-25T04:34:32Z,68.0
2023-02-25T04:34:37Z,67.0
2023-02-25T04:34:47Z,69.0
2023-02-25T04:34:52Z,70.0
2023-02-25T04:34:57Z,67.0
2023-02-25T04:35:02Z,68.0
2023-02-25T04:35:07Z,71.0
2023-02-25T04:35:12Z,72.0
2023-02-25T04:35:17Z,74.0
2023-02-25T04:35:22Z,73.0
2023-02-25T04:35:27Z,72.0
2023-02-25T04:35:37Z,73.0
2023-02-25T04:35:42Z,74.0
2023-02-25T04:35:47Z,73.0
2023-02-25T04:35:52Z,74.0
2023-02-25T04:35:57Z,73.0
2023-02-25T04:36:07Z,75.0
2023-02-25T04:36:12Z,76.0
2023-02-25T04:36:22Z,74.0
2023-02-25T04:36:27Z,73.0
2023-02-25T04:36:32Z,74.0
2023-02-25T04:36:37Z,76.0
2023-02-25T04:36:42Z,76.0
2023-02-25T04:36:47Z,75.0
2023-02-25T04:36:52Z,74.0
2023-02-25T04:36:57Z,75.0
2023-02-25T04:37:02Z,74.0
2023-02-25T04:37:07Z,71.0
2023-02-25T04:37:12Z,70.0
2023-02-25T04:37:17Z,69.0
2023-02-25T04:37:22Z,70.0
2023-02-25T04:37:27Z,70.0
2023-02-25T04:37:32Z,71.0
2023-02-25T04:37:37Z,73.0
2023-02-25T04:37:42Z,74.0
2023-02-25T04:37:52Z,76.0
2023-02-25T04:37:57Z,77.0
2023-02-25T04:38:02Z,72.0
2023-02-25T04:38:07Z,73.0
2023-02-25T04:38:17Z,74.0
2023-02-25T04:38:22Z,73.0
2023-02-25T04:38:27Z,74.0
2023-02-25T04:38:32Z,75.0
2023-02-25T04:38:37Z,76.0
2023-02-25T04:38:42Z,74.0
2023-02-25T04:38:47Z,73.0
2023-02-25T04:38:52Z,73.0
2023-02-25T04:38:57Z,73.0
2023-02-25T04:39:02Z,70.0
2023-02-25T04:39:07Z,70.0
2023-02-25T04:39:12Z,69.0
2023-02-25T04:39:17Z,71.0
2023-02-25T04:39:22Z,72.0
2023-02-25T04:39:27Z,73.0
2023-02-25T04:39:32Z,74.0
2023-02-25T04:39:37Z,77.0
2023-02-25T04:39:42Z,79.0
2023-02-25T04:39:47Z,81.0
2023-02-25T04:39:52Z,75.0
2023-02-25T04:39:57Z,65.0
2023-02-25T04:40:02Z,65.0
2023-02-25T04:40:07Z,67.0
2023-02-25T04:40:12Z,69.0
2023-02-25T04:40:17Z,71.0
2023-02-25T04:40:27Z,70.0
2023-02-25T04:40:32Z,69.0
2023-02-25T04:40:37Z,68.0
2023-02-25T04:40:42Z,67.0
2023-02-25T04:40:57Z,70.0
2023-02-25T04:41:02Z,69.0
2023-02-25T04:41:12Z,70.0
2023-02-25T04:41:17Z,69.0
2023-02-25T04:41:22Z,68.0
2023-02-25T04:41:37Z,70.0
2023-02-25T04:41:42Z,72.0
2023-02-25T04:41:47Z,71.0
2023-02-25T04:41:52Z,69.0
2023-02-25T04:42:02Z,70.0
2023-02-25T04:42:07Z,71.0
2023-02-25T04:42:12Z,72.0
2023-02-25T04:42:17Z,73.0
2023-02-25T04:42:22Z,72.0
2023-02-25T04:42:27Z,73.0
2023-02-25T04:42:37Z,72.0
2023-02-25T04:42:42Z,69.0
2023-02-25T04:42:47Z,70.0
2023-02-25T04:42:52Z,71.0
2023-02-25T04:42:57Z,72.0
2023-02-25T04:43:02Z,73.0
2023-02-25T04:43:07Z,75.0
2023-02-25T04:43:12Z,74.0
2023-02-25T04:43:17Z,73.0
2023-02-25T04:43:22Z,72.0
2023-02-25T04:43:27Z,71.0
2023-02-25T04:43:37Z,72.0
2023-02-25T04:43:42Z,73.0
2023-02-25T04:43:47Z,74.0
2023-02-25T04:43:57Z,73.0
2023-02-25T04:44:02Z,74.0
2023-02-25T04:44:17Z,72.0
2023-02-25T04:44:27Z,71.0
2023-02-25T04:44:32Z,72.0
2023-02-25T04:44:37Z,71.0
2023-02-25T04:44:42Z,72.0
2023-02-25T04:44:57Z,71.0
2023-02-25T04:45:07Z,70.0
2023-02-25T04:45:17Z,72.0
2023-02-25T04:45:22Z,73.0
2023-02-25T04:45:37Z,72.0
2023-02-25T04:45:47Z,73.0
2023-02-25T04:45:52Z,74.0
2023-02-25T04:45:57Z,75.0
2023-02-25T04:46:02Z,76.0
2023-02-25T04:46:17Z,75.0
2023-02-25T04:46:22Z,74.0
2023-02-25T04:46:32Z,75.0
2023-02-25T04:46:37Z,73.0
2023-02-25T04:46:42Z,72.0
2023-02-25T04:46:47Z,73.0
2023-02-25T04:46:52Z,71.0
2023-02-25T04:47:07Z,71.0
2023-02-25T04:47:22Z,73.0
2023-02-25T04:47:27Z,74.0
2023-02-25T04:47:32Z,73.0
2023-02-25T04:47:37Z,72.0
2023-02-25T04:47:42Z,70.0
2023-02-25T04:47:52Z,71.0
2023-02-25T04:47:57Z,72.0
2023-02-25T04:48:02Z,71.0
2023-02-25T04:48:07Z,72.0
2023-02-25T04:48:22Z,73.0
2023-02-25T04:48:37Z,74.0
2023-02-25T04:48:42Z,73.0
2023-02-25T04:48:57Z,73.0
2023-02-25T04:49:07Z,72.0
2023-02-25T04:49:17Z,71.0
2023-02-25T04:49:22Z,70.0
2023-02-25T04:49:32Z,71.0
2023-02-25T04:49:37Z,72.0
2023-02-25T04:49:52Z,70.0
2023-02-25T04:50:02Z,71.0
2023-02-25T04:50:12Z,72.0
2023-02-25T04:50:27Z,73.0
2023-02-25T04:50:32Z,76.0
2023-02-25T04:50:37Z,73.0
2023-02-25T04:50:47Z,72.0
2023-02-25T04:51:02Z,70.0
2023-02-25T04:51:17Z,71.0
2023-02-25T04:51:32Z,72.0
2023-02-25T04:51:37Z,71.0
2023-02-25T04:51:42Z,69.0
2023-02-25T04:51:47Z,70.0
2023-02-25T04:52:02Z,71.0
2023-02-25T04:52:07Z,72.0
2023-02-25T04:52:12Z,74.0
2023-02-25T04:52:22Z,73.0
2023-02-25T04:52:37Z,71.0
2023-02-25T04:52:42Z,70.0
2023-02-25T04:52:47Z,68.0
2023-02-25T04:53:02Z,69.0
2023-02-25T04:53:07Z,71.0
2023-02-25T04:53:22Z,72.0
2023-02-25T04:53:37Z,72.0
2023-02-25T04:53:42Z,73.0
2023-02-25T04:53:57Z,70.0
2023-02-25T04:54:02Z,69.0
2023-02-25T04:54:12Z,71.0
2023-02-25T04:54:17Z,71.0
2023-02-25T04:54:22Z,72.0
2023-02-25T04:54:27Z,74.0
2023-02-25T04:54:37Z,91.0
2023-02-25T04:54:42Z,83.0
2023-02-25T04:54:47Z,71.0
2023-02-25T04:54:52Z,68.0
2023-02-25T04:54:57Z,68.0
2023-02-25T04:55:02Z,69.0
2023-02-25T04:55:12Z,70.0
2023-02-25T04:55:22Z,69.0
2023-02-25T04:55:27Z,68.0
2023-02-25T04:55:32Z,67.0
2023-02-25T04:55:37Z,65.0
2023-02-25T04:55:42Z,66.0
2023-02-25T04:55:47Z,67.0
2023-02-25T04:55:57Z,69.0
2023-02-25T04:56:02Z,72.0
2023-02-25T04:56:07Z,71.0
2023-02-25T04:56:12Z,70.0
2023-02-25T04:56:17Z,68.0
2023-02-25T04:56:22Z,67.0
2023-02-25T04:56:27Z,67.0
2023-02-25T04:56:32Z,68.0
2023-02-25T04:56:47Z,67.0
2023-02-25T04:56:57Z,68.0
2023-02-25T04:57:07Z,69.0
2023-02-25T04:57:12Z,68.0
2023-02-25T04:57:17Z,67.0
2023-02-25T04:57:22Z,66.0
2023-02-25T04:57:27Z,64.0
2023-02-25T04:57:37Z,65.0
2023-02-25T04:57:42Z,67.0
2023-02-25T04:57:47Z,68.0
2023-02-25T04:57:52Z,69.0
2023-02-25T04:58:07Z,70.0
2023-02-25T04:58:12Z,69.0
2023-02-25T04:58:17Z,68.0
2023-02-25T04:58:22Z,67.0
2023-02-25T04:58:27Z,66.0
2023-02-25T04:58:32Z,65.0
2023-02-25T04:58:37Z,63.0
2023-02-25T04:58:42Z,64.0
2023-02-25T04:58:47Z,66.0
2023-02-25T04:58:52Z,70.0
2023-02-25T04:58:57Z,71.0
2023-02-25T04:59:02Z,70.0
2023-02-25T04:59:12Z,71.0
2023-02-25T04:59:17Z,72.0
2023-02-25T04:59:22Z,73.0
2023-02-25T04:59:32Z,71.0
2023-02-25T04:59:37Z,70.0
2023-02-25T04:59:52Z,68.0
2023-02-25T04:59:57Z,67.0
2023-02-25T05:00:02Z,66.0
2023-02-25T05:00:07Z,67.0
2023-02-25T05:00:22Z,66.0
2023-02-25T05:00:37Z,67.0
2023-02-25T05:00:47Z,68.0
2023-02-25T05:00:52Z,67.0
2023-02-25T05:01:07Z,67.0
2023-02-25T05:01:12Z,68.0
2023-02-25T05:01:27Z,69.0
2023-02-25T05:01:32Z,68.0
2023-02-25T05:01:37Z,66.0
2023-02-25T05:01:42Z,67.0
2023-02-25T05:01:57Z,68.0
2023-02-25T05:02:07Z,69.0
2023-02-25T05:02:12Z,70.0
2023-02-25T05:02:27Z,70.0
2023-02-25T05:02:37Z,72.0
2023-02-25T05:02:42Z,71.0
2023-02-25T05:02:47Z,69.0
2023-02-25T05:02:57Z,68.0
2023-02-25T05:03:02Z,69.0
2023-02-25T05:03:17Z,69.0
2023-02-25T05:03:22Z,70.0
2023-02-25T05:03:37Z,69.0
2023-02-25T05:03:42Z,70.0
2023-02-25T05:03:57Z,68.0
2023-02-25T05:04:02Z,66.0
2023-02-25T05:04:07Z,67.0
2023-02-25T05:04:12Z,71.0
2023-02-25T05:04:17Z,83.0
2023-02-25T05:04:22Z,81.0
2023-02-25T05:04:27Z,78.0
2023-02-25T05:04:32Z,74.0
2023-02-25T05:04:37Z,73.0
2023-02-25T05:04:42Z,72.0
2023-02-25T05:04:47Z,70.0
2023-02-25T05:04:52Z,71.0
2023-02-25T05:04:57Z,72.0
2023-02-25T05:05:02Z,75.0
2023-02-25T05:05:07Z,77.0
2023-02-25T05:05:12Z,78.0
2023-02-25T05:05:22Z,76.0
2023-02-25T05:05:32Z,75.0
2023-02-25T05:05:37Z,74.0
2023-02-25T05:05:42Z,72.0
2023-02-25T05:05:47Z,71.0
2023-02-25T05:05:52Z,73.0
2023-02-25T05:05:57Z,74.0
2023-02-25T05:06:02Z,71.0
2023-02-25T05:06:07Z,70.0
2023-02-25T05:06:12Z,68.0
2023-02-25T05:06:17Z,69.0
2023-02-25T05:06:22Z,71.0
2023-02-25T05:06:27Z,73.0
2023-02-25T05:06:32Z,74.0
2023-02-25T05:06:37Z,73.0
2023-02-25T05:06:42Z,72.0
2023-02-25T05:06:47Z,70.0
2023-02-25T05:06:52Z,68.0
2023-02-25T05:07:02Z,69.0
2023-02-25T05:07:07Z,71.0
2023-02-25T05:07:12Z,73.0
2023-02-25T05:07:17Z,71.0
2023-02-25T05:07:32Z,70.0
2023-02-25T05:07:37Z,71.0
2023-02-25T05:07:42Z,73.0
2023-02-25T05:07:47Z,74.0
2023-02-25T05:07:52Z,73.0
2023-02-25T05:07:57Z,71.0
2023-02-25T05:08:02Z,69.0
2023-02-25T05:08:12Z,70.0
2023-02-25T05:08:17Z,71.0
2023-02-25T05:08:32Z,69.0
2023-02-25T05:08:37Z,70.0
2023-02-25T05:08:42Z,68.0
2023-02-25T05:08:47Z,66.0
2023-02-25T05:08:52Z,65.0
2023-02-25T05:08:57Z,66.0
2023-02-25T05:09:02Z,68.0
2023-02-25T05:09:07Z,69.0
2023-02-25T05:09:12Z,71.0
2023-02-25T05:09:17Z,74.0
2023-02-25T05:09:22Z,80.0
2023-02-25T05:09:27Z,87.0
2023-02-25T05:09:32Z,77.0
2023-02-25T05:09:37Z,74.0
2023-02-25T05:09:42Z,74.0
2023-02-25T05:09:47Z,75.0
2023-02-25T05:09:52Z,84.0
2023-02-25T05:09:57Z,88.0
2023-02-25T05:10:02Z,86.0
2023-02-25T05:10:07Z,79.0
2023-02-25T05:10:12Z,76.0
2023-02-25T05:10:27Z,75.0
2023-02-25T05:10:32Z,76.0
2023-02-25T05:10:37Z,77.0
2023-02-25T05:10:42Z,85.0
2023-02-25T05:10:47Z,89.0
2023-02-25T05:10:52Z,91.0
2023-02-25T05:10:57Z,92.0
2023-02-25T05:11:02Z,90.0
2023-02-25T05:11:07Z,91.0
2023-02-25T05:11:12Z,90.0
2023-02-25T05:11:17Z,91.0
2023-02-25T05:11:22Z,86.0
2023-02-25T05:11:27Z,85.0
2023-02-25T05:11:32Z,84.0
2023-02-25T05:11:37Z,81.0
2023-02-25T05:11:47Z,82.0
2023-02-25T05:11:57Z,84.0
2023-02-25T05:12:07Z,88.0
2023-02-25T05:12:12Z,87.0
2023-02-25T05:12:17Z,86.0
2023-02-25T05:12:22Z,87.0
2023-02-25T05:12:27Z,86.0
2023-02-25T05:12:32Z,82.0
2023-02-25T05:12:37Z,75.0
2023-02-25T05:12:42Z,76.0
2023-02-25T05:12:52Z,78.0
2023-02-25T05:12:57Z,80.0
2023-02-25T05:13:02Z,79.0
2023-02-25T05:13:17Z,80.0
2023-02-25T05:13:22Z,78.0
2023-02-25T05:13:27Z,82.0
2023-02-25T05:13:32Z,87.0
2023-02-25T05:13:37Z,84.0
2023-02-25T05:13:42Z,83.0
2023-02-25T05:13:47Z,85.0
2023-02-25T05:13:52Z,90.0
2023-02-25T05:13:57Z,94.0
2023-02-25T05:14:02Z,93.0
2023-02-25T05:14:07Z,92.0
2023-02-25T05:14:12Z,91.0
2023-02-25T05:14:17Z,90.0
2023-02-25T05:14:22Z,84.0
2023-02-25T05:14:27Z,78.0
2023-02-25T05:14:32Z,80.0
2023-02-25T05:14:37Z,82.0
2023-02-25T05:14:42Z,85.0
2023-02-25T05:14:47Z,83.0
2023-02-25T05:14:57Z,79.0
2023-02-25T05:15:02Z,72.0
2023-02-25T05:15:07Z,71.0
2023-02-25T05:15:12Z,74.0
2023-02-25T05:15:17Z,77.0
2023-02-25T05:15:22Z,79.0
2023-02-25T05:15:27Z,80.0
2023-02-25T05:15:37Z,76.0
2023-02-25T05:15:42Z,77.0
2023-02-25T05:15:47Z,75.0
2023-02-25T05:15:52Z,73.0
2023-02-25T05:15:57Z,71.0
2023-02-25T05:16:02Z,72.0
2023-02-25T05:16:07Z,81.0
2023-02-25T05:16:12Z,87.0
2023-02-25T05:16:17Z,89.0
2023-02-25T05:16:22Z,87.0
2023-02-25T05:16:27Z,88.0
2023-02-25T05:16:32Z,89.0
2023-02-25T05:16:37Z,92.0
2023-02-25T05:16:42Z,95.0
2023-02-25T05:16:47Z,94.0
2023-02-25T05:16:52Z,92.0
2023-02-25T05:16:57Z,90.0
2023-02-25T05:17:02Z,93.0
2023-02-25T05:17:07Z,91.0
2023-02-25T05:17:12Z,90.0
2023-02-25T05:17:17Z,91.0
2023-02-25T05:17:22Z,92.0
2023-02-25T05:17:27Z,91.0
2023-02-25T05:17:32Z,88.0
2023-02-25T05:17:37Z,96.0
2023-02-25T05:17:42Z,99.0
2023-02-25T05:17:47Z,98.0
2023-02-25T05:17:52Z,97.0
2023-02-25T05:17:57Z,98.0
2023-02-25T05:18:02Z,96.0
2023-02-25T05:18:12Z,94.0
2023-02-25T05:18:17Z,95.0
2023-02-25T05:18:22Z,96.0
2023-02-25T05:18:37Z,95.0
2023-02-25T05:18:42Z,96.0
2023-02-25T05:18:47Z,94.0
2023-02-25T05:19:02Z,93.0
2023-02-25T05:19:07Z,94.0
2023-02-25T05:19:22Z,95.0
2023-02-25T05:19:37Z,94.0
2023-02-25T05:19:42Z,93.0
2023-02-25T05:19:52Z,95.0
2023-02-25T05:20:02Z,89.0
2023-02-25T05:20:07Z,85.0
2023-02-25T05:20:12Z,86.0
2023-02-25T05:20:17Z,88.0
2023-02-25T05:20:27Z,87.0
2023-02-25T05:20:32Z,89.0
2023-02-25T05:20:37Z,92.0
2023-02-25T05:20:42Z,94.0
2023-02-25T05:20:47Z,88.0
2023-02-25T05:20:57Z,89.0
2023-02-25T05:21:02Z,90.0
2023-02-25T05:21:17Z,87.0
2023-02-25T05:21:27Z,89.0
2023-02-25T05:21:32Z,93.0
2023-02-25T05:21:37Z,94.0
2023-02-25T05:21:42Z,91.0
2023-02-25T05:21:57Z,93.0
2023-02-25T05:22:02Z,97.0
2023-02-25T05:22:07Z,99.0
2023-02-25T05:22:12Z,104.0
2023-02-25T05:22:17Z,108.0
2023-02-25T05:22:22Z,109.0
2023-02-25T05:22:27Z,103.0
2023-02-25T05:22:37Z,101.0
2023-02-25T05:22:42Z,99.0
2023-02-25T05:22:47Z,96.0
2023-02-25T05:22:52Z,91.0
2023-02-25T05:22:57Z,97.0
2023-02-25T05:23:02Z,102.0
2023-02-25T05:23:17Z,103.0
2023-02-25T05:23:22Z,99.0
2023-02-25T05:23:27Z,94.0
2023-02-25T05:23:32Z,91.0
2023-02-25T05:23:37Z,93.0
2023-02-25T05:23:42Z,96.0
2023-02-25T05:23:47Z,93.0
2023-02-25T05:23:52Z,95.0
2023-02-25T05:23:57Z,96.0
2023-02-25T05:24:07Z,99.0
2023-02-25T05:24:12Z,96.0
2023-02-25T05:24:17Z,95.0
2023-02-25T05:24:27Z,93.0
2023-02-25T05:24:32Z,94.0
2023-02-25T05:24:37Z,95.0
2023-02-25T05:24:42Z,96.0
2023-02-25T05:24:47Z,97.0
2023-02-25T05:24:52Z,98.0
2023-02-25T05:24:57Z,100.0
2023-02-25T05:25:07Z,99.0
2023-02-25T05:25:12Z,102.0
2023-02-25T05:25:17Z,101.0
2023-02-25T05:25:27Z,99.0
2023-02-25T05:25:32Z,96.0
2023-02-25T05:25:42Z,95.0
2023-02-25T05:25:47Z,94.0
2023-02-25T05:25:52Z,92.0
2023-02-25T05:25:57Z,93.0
2023-02-25T05:26:02Z,89.0
2023-02-25T05:26:07Z,84.0
2023-02-25T05:26:12Z,85.0
2023-02-25T05:26:17Z,86.0
2023-02-25T05:26:22Z,87.0
2023-02-25T05:26:27Z,88.0
2023-02-25T05:26:32Z,89.0
2023-02-25T05:26:42Z,88.0
2023-02-25T05:26:47Z,87.0
2023-02-25T05:26:52Z,83.0
2023-02-25T05:27:02Z,81.0
2023-02-25T05:27:07Z,82.0
2023-02-25T05:27:12Z,84.0
2023-02-25T05:27:17Z,88.0
2023-02-25T05:27:22Z,87.0
2023-02-25T05:27:27Z,89.0
2023-02-25T05:27:32Z,91.0
2023-02-25T05:27:37Z,92.0
2023-02-25T05:27:47Z,93.0
2023-02-25T05:27:57Z,94.0
2023-02-25T05:28:12Z,93.0
2023-02-25T05:28:17Z,90.0
2023-02-25T05:28:22Z,88.0
2023-02-25T05:28:27Z,86.0
2023-02-25T05:28:37Z,87.0
2023-02-25T05:28:42Z,88.0
2023-02-25T05:28:47Z,87.0
2023-02-25T05:28:52Z,88.0
2023-02-25T05:28:57Z,89.0
2023-02-25T05:29:07Z,87.0
2023-02-25T05:29:12Z,86.0
2023-02-25T05:29:17Z,89.0
2023-02-25T05:29:22Z,86.0
2023-02-25T05:29:37Z,85.0
2023-02-25T05:29:42Z,88.0
2023-02-25T05:29:52Z,87.0
2023-02-25T05:29:57Z,86.0
2023-02-25T05:30:02Z,89.0
2023-02-25T05:30:07Z,88.0
2023-02-25T05:30:12Z,84.0
2023-02-25T05:30:27Z,85.0
2023-02-25T05:30:32Z,85.0
2023-02-25T05:30:37Z,83.0
2023-02-25T05:30:52Z,83.0
2023-02-25T05:30:57Z,85.0
2023-02-25T05:31:02Z,87.0
2023-02-25T05:31:07Z,89.0
2023-02-25T05:31:12Z,90.0
2023-02-25T05:31:17Z,88.0
2023-02-25T05:31:22Z,82.0
2023-02-25T05:31:27Z,84.0
2023-02-25T05:31:37Z,86.0
2023-02-25T05:31:52Z,87.0
2023-02-25T05:31:57Z,86.0
2023-02-25T05:32:02Z,85.0
2023-02-25T05:32:07Z,87.0
2023-02-25T05:32:12Z,86.0
2023-02-25T05:32:17Z,85.0
2023-02-25T05:32:22Z,87.0
2023-02-25T05:32:27Z,88.0
2023-02-25T05:32:42Z,88.0
2023-02-25T05:32:47Z,87.0
2023-02-25T05:32:52Z,85.0
2023-02-25T05:33:07Z,85.0
2023-02-25T05:33:12Z,86.0
2023-02-25T05:33:17Z,84.0
2023-02-25T05:33:22Z,87.0
2023-02-25T05:33:37Z,88.0
2023-02-25T05:33:42Z,87.0
2023-02-25T05:33:47Z,83.0
2023-02-25T05:33:57Z,85.0
2023-02-25T05:34:12Z,87.0
2023-02-25T05:34:17Z,89.0
2023-02-25T05:34:22Z,88.0
2023-02-25T05:34:32Z,86.0
2023-02-25T05:34:42Z,89.0
2023-02-25T05:34:47Z,87.0
2023-02-25T05:34:52Z,88.0
2023-02-25T05:34:57Z,85.0
2023-02-25T05:35:02Z,84.0
2023-02-25T05:35:07Z,85.0
2023-02-25T05:35:12Z,88.0
2023-02-25T05:35:17Z,91.0
2023-02-25T05:35:22Z,89.0
2023-02-25T05:35:37Z,88.0
2023-02-25T05:35:42Z,85.0
2023-02-25T05:35:47Z,84.0
2023-02-25T05:35:52Z,85.0
2023-02-25T05:35:57Z,86.0
2023-02-25T05:36:02Z,87.0
2023-02-25T05:36:12Z,84.0
2023-02-25T05:36:27Z,86.0
2023-02-25T05:36:32Z,87.0
2023-02-25T05:36:42Z,88.0
2023-02-25T05:36:47Z,87.0
2023-02-25T05:36:52Z,85.0
2023-02-25T05:36:57Z,84.0
2023-02-25T05:37:07Z,86.0
2023-02-25T05:37:22Z,87.0
2023-02-25T05:37:27Z,88.0
2023-02-25T05:37:32Z,87.0
2023-02-25T05:37:37Z,90.0
2023-02-25T05:37:47Z,91.0
2023-02-25T05:37:52Z,89.0
2023-02-25T05:37:57Z,88.0
2023-02-25T05:38:12Z,89.0
2023-02-25T05:38:27Z,91.0
2023-02-25T05:38:32Z,89.0
2023-02-25T05:38:37Z,87.0
2023-02-25T05:38:47Z,83.0
2023-02-25T05:38:52Z,80.0
2023-02-25T05:38:57Z,81.0
2023-02-25T05:39:02Z,83.0
2023-02-25T05:39:07Z,84.0
2023-02-25T05:39:12Z,83.0
2023-02-25T05:39:27Z,82.0
2023-02-25T05:39:32Z,84.0
2023-02-25T05:39:37Z,86.0
2023-02-25T05:39:42Z,90.0
2023-02-25T05:39:47Z,92.0
2023-02-25T05:39:52Z,94.0
2023-02-25T05:39:57Z,95.0
2023-02-25T05:40:02Z,98.0
2023-02-25T05:40:07Z,101.0
2023-02-25T05:40:12Z,103.0
2023-02-25T05:40:17Z,108.0
2023-02-25T05:40:22Z,110.0
2023-02-25T05:40:27Z,107.0
2023-02-25T05:40:32Z,106.0
2023-02-25T05:40:37Z,107.0
2023-02-25T05:40:42Z,105.0
2023-02-25T05:40:47Z,101.0
2023-02-25T05:40:52Z,99.0
2023-02-25T05:41:02Z,98.0
2023-02-25T05:41:07Z,101.0
2023-02-25T05:41:17Z,93.0
2023-02-25T05:41:22Z,89.0
2023-02-25T05:41:27Z,91.0
2023-02-25T05:41:32Z,89.0
2023-02-25T05:41:37Z,88.0
2023-02-25T05:41:47Z,89.0
2023-02-25T05:41:52Z,90.0
2023-02-25T05:41:57Z,91.0
2023-02-25T05:42:02Z,88.0
2023-02-25T05:42:07Z,84.0
2023-02-25T05:42:17Z,82.0
2023-02-25T05:42:27Z,81.0
2023-02-25T05:42:32Z,79.0
2023-02-25T05:42:37Z,77.0
2023-02-25T05:42:42Z,79.0
2023-02-25T05:42:47Z,81.0
2023-02-25T05:42:52Z,80.0
2023-02-25T05:43:02Z,77.0
2023-02-25T05:43:07Z,78.0
2023-02-25T05:43:17Z,79.0
2023-02-25T05:43:27Z,77.0
2023-02-25T05:43:32Z,76.0
2023-02-25T05:43:42Z,77.0
2023-02-25T05:43:47Z,78.0
2023-02-25T05:43:52Z,77.0
2023-02-25T05:43:57Z,76.0
2023-02-25T05:44:02Z,75.0
2023-02-25T05:44:12Z,78.0
2023-02-25T05:44:27Z,78.0
2023-02-25T05:44:37Z,79.0
2023-02-25T05:44:52Z,79.0
2023-02-25T05:44:57Z,78.0
2023-02-25T05:45:02Z,81.0
2023-02-25T05:45:07Z,80.0
2023-02-25T05:45:17Z,79.0
2023-02-25T05:45:32Z,81.0
2023-02-25T05:45:37Z,84.0
2023-02-25T05:45:42Z,81.0
2023-02-25T05:45:52Z,80.0
2023-02-25T05:45:57Z,79.0
2023-02-25T05:46:07Z,80.0
2023-02-25T05:46:12Z,79.0
2023-02-25T05:46:17Z,80.0
2023-02-25T05:46:27Z,79.0
2023-02-25T05:46:42Z,81.0
2023-02-25T05:46:47Z,80.0
2023-02-25T05:46:52Z,83.0
2023-02-25T05:46:57Z,80.0
2023-02-25T05:47:02Z,78.0
2023-02-25T05:47:07Z,76.0
2023-02-25T05:47:12Z,75.0
2023-02-25T05:47:22Z,76.0
2023-02-25T05:47:27Z,78.0
2023-02-25T05:47:32Z,80.0
2023-02-25T05:47:37Z,87.0
2023-02-25T05:47:42Z,88.0
2023-02-25T05:47:47Z,82.0
2023-02-25T05:47:52Z,78.0
2023-02-25T05:48:02Z,79.0
2023-02-25T05:48:07Z,78.0
2023-02-25T05:48:12Z,79.0
2023-02-25T05:48:17Z,78.0
2023-02-25T05:48:22Z,79.0
2023-02-25T05:48:27Z,80.0
2023-02-25T05:48:32Z,81.0
2023-02-25T05:48:37Z,83.0
2023-02-25T05:48:47Z,85.0
2023-02-25T05:48:52Z,84.0
2023-02-25T05:48:57Z,86.0
2023-02-25T05:49:02Z,87.0
2023-02-25T05:49:07Z,90.0
2023-02-25T05:49:12Z,84.0
2023-02-25T05:49:17Z,83.0
2023-02-25T05:49:22Z,87.0
2023-02-25T05:49:27Z,86.0
2023-02-25T05:49:32Z,84.0
2023-02-25T05:49:42Z,92.0
2023-02-25T05:49:47Z,90.0
2023-02-25T05:49:52Z,91.0
2023-02-25T05:49:57Z,88.0
2023-02-25T05:50:07Z,86.0
2023-02-25T05:50:12Z,83.0
2023-02-25T05:50:17Z,85.0
2023-02-25T05:50:27Z,86.0
2023-02-25T05:50:32Z,83.0
2023-02-25T05:50:37Z,79.0
2023-02-25T05:50:42Z,79.0
2023-02-25T05:50:47Z,80.0
2023-02-25T05:50:52Z,79.0
2023-02-25T05:50:57Z,78.0
2023-02-25T05:51:02Z,77.0
2023-02-25T05:51:07Z,78.0
2023-02-25T05:51:12Z,77.0
2023-02-25T05:51:17Z,78.0
2023-02-25T05:51:22Z,79.0
2023-02-25T05:51:27Z,83.0
2023-02-25T05:51:32Z,82.0
2023-02-25T05:51:42Z,79.0
2023-02-25T05:51:52Z,80.0
2023-02-25T05:52:07Z,80.0
2023-02-25T05:52:12Z,84.0
2023-02-25T05:52:17Z,86.0
2023-02-25T05:52:22Z,84.0
2023-02-25T05:52:27Z,82.0
2023-02-25T05:52:32Z,80.0
2023-02-25T05:52:37Z,79.0
2023-02-25T05:52:42Z,76.0
2023-02-25T05:52:47Z,77.0
2023-02-25T05:52:57Z,76.0
2023-02-25T05:53:02Z,77.0
2023-02-25T05:53:07Z,76.0
2023-02-25T05:53:12Z,79.0
2023-02-25T05:53:17Z,80.0
2023-02-25T05:53:32Z,80.0
2023-02-25T05:53:42Z,79.0
2023-02-25T05:53:52Z,80.0
2023-02-25T05:53:57Z,81.0
2023-02-25T05:54:02Z,82.0
2023-02-25T05:54:07Z,81.0
2023-02-25T05:54:12Z,79.0
2023-02-25T05:54:17Z,80.0
2023-02-25T05:54:22Z,80.0
2023-02-25T05:54:27Z,83.0
2023-02-25T05:54:32Z,86.0
2023-02-25T05:54:37Z,85.0
2023-02-25T05:54:42Z,82.0
2023-02-25T05:54:47Z,81.0
2023-02-25T05:54:52Z,83.0
2023-02-25T05:54:57Z,90.0
2023-02-25T05:55:02Z,91.0
2023-02-25T05:55:07Z,88.0
2023-02-25T05:55:17Z,90.0
2023-02-25T05:55:22Z,86.0
2023-02-25T05:55:27Z,82.0
2023-02-25T05:55:32Z,80.0
2023-02-25T05:55:47Z,80.0
2023-02-25T05:55:52Z,83.0
2023-02-25T05:55:57Z,82.0
2023-02-25T05:56:02Z,83.0
2023-02-25T05:56:07Z,81.0
2023-02-25T05:56:17Z,79.0
2023-02-25T05:56:32Z,79.0
2023-02-25T05:56:37Z,78.0
2023-02-25T05:56:42Z,77.0
2023-02-25T05:56:52Z,78.0
2023-02-25T05:56:57Z,79.0
2023-02-25T05:57:02Z,78.0
2023-02-25T05:57:07Z,79.0
2023-02-25T05:57:12Z,79.0
2023-02-25T05:57:17Z,80.0
2023-02-25T05:57:27Z,81.0
2023-02-25T05:57:32Z,80.0
2023-02-25T05:57:47Z,82.0
2023-02-25T05:57:57Z,80.0
2023-02-25T05:58:02Z,78.0
2023-02-25T05:58:07Z,77.0
2023-02-25T05:58:17Z,80.0
2023-02-25T05:58:22Z,88.0
2023-02-25T05:58:27Z,92.0
2023-02-25T05:58:32Z,86.0
2023-02-25T05:58:37Z,85.0
2023-02-25T05:58:42Z,86.0
2023-02-25T05:58:47Z,88.0
2023-02-25T05:58:57Z,87.0
2023-02-25T05:59:12Z,88.0
2023-02-25T05:59:17Z,89.0
2023-02-25T05:59:22Z,91.0
2023-02-25T05:59:27Z,90.0
2023-02-25T05:59:32Z,91.0
2023-02-25T05:59:37Z,90.0
2023-02-25T05:59:42Z,88.0
2023-02-25T05:59:52Z,86.0
2023-02-25T05:59:57Z,85.0
2023-02-25T06:00:02Z,87.0
2023-02-25T06:00:07Z,86.0
2023-02-25T06:00:12Z,85.0
2023-02-25T06:00:17Z,84.0
2023-02-25T06:00:22Z,82.0
2023-02-25T06:00:37Z,83.0
2023-02-25T06:00:47Z,86.0
2023-02-25T06:00:52Z,88.0
2023-02-25T06:00:57Z,86.0
2023-02-25T06:01:02Z,89.0
2023-02-25T06:01:07Z,87.0
2023-02-25T06:01:17Z,88.0
2023-02-25T06:01:32Z,89.0
2023-02-25T06:01:42Z,90.0
2023-02-25T06:01:47Z,92.0
2023-02-25T06:01:52Z,95.0
2023-02-25T06:01:57Z,94.0
2023-02-25T06:02:02Z,92.0
2023-02-25T06:02:07Z,90.0
2023-02-25T06:02:12Z,84.0
2023-02-25T06:02:17Z,82.0
2023-02-25T06:02:22Z,80.0
2023-02-25T06:02:27Z,82.0
2023-02-25T06:02:32Z,84.0
2023-02-25T06:02:37Z,83.0
2023-02-25T06:02:47Z,81.0
2023-02-25T06:02:52Z,78.0
2023-02-25T06:02:57Z,77.0
2023-02-25T06:03:02Z,80.0
2023-02-25T06:03:12Z,79.0
2023-02-25T06:03:22Z,80.0
2023-02-25T06:03:27Z,82.0
2023-02-25T06:03:32Z,86.0
2023-02-25T06:03:37Z,85.0
2023-02-25T06:03:42Z,84.0
2023-02-25T06:03:52Z,85.0
2023-02-25T06:03:57Z,87.0
2023-02-25T06:04:02Z,88.0
2023-02-25T06:04:07Z,90.0
2023-02-25T06:04:22Z,91.0
2023-02-25T06:04:32Z,90.0
2023-02-25T06:04:37Z,89.0
2023-02-25T06:04:47Z,94.0
2023-02-25T06:04:52Z,95.0
2023-02-25T06:05:02Z,104.0
2023-02-25T06:05:07Z,109.0
2023-02-25T06:05:12Z,107.0
2023-02-25T06:05:17Z,103.0
2023-02-25T06:05:22Z,100.0
2023-02-25T06:05:27Z,98.0
2023-02-25T06:05:32Z,94.0
2023-02-25T06:05:42Z,90.0
2023-02-25T06:05:47Z,86.0
2023-02-25T06:05:52Z,84.0
2023-02-25T06:05:57Z,84.0
2023-02-25T06:06:02Z,80.0
2023-02-25T06:06:07Z,77.0
2023-02-25T06:06:12Z,76.0
2023-02-25T06:06:17Z,77.0
2023-02-25T06:06:22Z,78.0
2023-02-25T06:06:27Z,77.0
2023-02-25T06:06:37Z,78.0
2023-02-25T06:06:42Z,82.0
2023-02-25T06:06:47Z,83.0
2023-02-25T06:06:52Z,85.0
2023-02-25T06:06:57Z,83.0
2023-02-25T06:07:02Z,80.0
2023-02-25T06:07:12Z,81.0
2023-02-25T06:07:17Z,85.0
2023-02-25T06:07:27Z,83.0
2023-02-25T06:07:32Z,78.0
2023-02-25T06:07:37Z,76.0
2023-02-25T06:07:47Z,75.0
2023-02-25T06:07:52Z,74.0
2023-02-25T06:08:02Z,73.0
2023-02-25T06:08:07Z,74.0
2023-02-25T06:08:12Z,75.0
2023-02-25T06:08:22Z,77.0
2023-02-25T06:08:27Z,82.0
2023-02-25T06:08:32Z,83.0
2023-02-25T06:08:37Z,80.0
2023-02-25T06:08:42Z,78.0
2023-02-25T06:08:52Z,80.0
2023-02-25T06:08:57Z,83.0
2023-02-25T06:09:02Z,82.0
2023-02-25T06:09:07Z,81.0
2023-02-25T06:09:17Z,82.0
2023-02-25T06:09:22Z,83.0
2023-02-25T06:09:27Z,85.0
2023-02-25T06:09:32Z,89.0
2023-02-25T06:09:37Z,91.0
2023-02-25T06:09:42Z,90.0
2023-02-25T06:09:52Z,82.0
2023-02-25T06:09:57Z,78.0
2023-02-25T06:10:07Z,77.0
2023-02-25T06:10:22Z,83.0
2023-02-25T06:10:27Z,82.0
2023-02-25T06:10:32Z,79.0
2023-02-25T06:10:37Z,76.0
2023-02-25T06:10:42Z,74.0
2023-02-25T06:10:47Z,73.0
2023-02-25T06:10:52Z,72.0
2023-02-25T06:10:57Z,74.0
2023-02-25T06:11:07Z,73.0
2023-02-25T06:11:17Z,75.0
2023-02-25T06:11:22Z,78.0
2023-02-25T06:11:32Z,77.0
2023-02-25T06:11:37Z,75.0
2023-02-25T06:11:42Z,75.0
2023-02-25T06:11:57Z,74.0
2023-02-25T06:12:02Z,72.0
2023-02-25T06:12:07Z,73.0
2023-02-25T06:12:22Z,77.0
2023-02-25T06:12:27Z,76.0
2023-02-25T06:12:32Z,74.0
2023-02-25T06:12:37Z,70.0
2023-02-25T06:12:47Z,71.0
2023-02-25T06:12:57Z,72.0
2023-02-25T06:13:02Z,73.0
2023-02-25T06:13:07Z,74.0
2023-02-25T06:13:12Z,76.0
2023-02-25T06:13:17Z,77.0
2023-02-25T06:13:27Z,74.0
2023-02-25T06:13:32Z,73.0
2023-02-25T06:13:42Z,72.0
2023-02-25T06:13:47Z,73.0
2023-02-25T06:14:02Z,74.0
2023-02-25T06:14:07Z,76.0
2023-02-25T06:14:17Z,77.0
2023-02-25T06:14:22Z,75.0
2023-02-25T06:14:27Z,73.0
2023-02-25T06:14:32Z,76.0
2023-02-25T06:14:37Z,80.0
2023-02-25T06:14:42Z,82.0
2023-02-25T06:14:47Z,81.0
2023-02-25T06:14:52Z,80.0
2023-02-25T06:15:07Z,78.0
2023-02-25T06:15:12Z,76.0
2023-02-25T06:15:17Z,74.0
2023-02-25T06:15:22Z,73.0
2023-02-25T06:15:27Z,74.0
2023-02-25T06:15:32Z,75.0
2023-02-25T06:15:37Z,76.0
2023-02-25T06:15:47Z,77.0
2023-02-25T06:15:52Z,76.0
2023-02-25T06:16:02Z,75.0
2023-02-25T06:16:12Z,74.0
2023-02-25T06:16:17Z,73.0
2023-02-25T06:16:22Z,74.0
2023-02-25T06:16:32Z,73.0
2023-02-25T06:16:37Z,74.0
2023-02-25T06:16:42Z,75.0
2023-02-25T06:16:57Z,73.0
2023-02-25T06:17:12Z,75.0
2023-02-25T06:17:17Z,74.0
2023-02-25T06:17:22Z,75.0
2023-02-25T06:17:32Z,76.0
2023-02-25T06:17:42Z,75.0
2023-02-25T06:17:47Z,73.0
2023-02-25T06:17:52Z,72.0
2023-02-25T06:18:02Z,71.0
2023-02-25T06:18:07Z,70.0
2023-02-25T06:18:12Z,70.0
2023-02-25T06:18:17Z,71.0
2023-02-25T06:18:22Z,72.0
2023-02-25T06:18:37Z,70.0
2023-02-25T06:18:47Z,69.0
2023-02-25T06:18:52Z,70.0
2023-02-25T06:18:57Z,72.0
2023-02-25T06:19:02Z,75.0
2023-02-25T06:19:08Z,77.0
2023-02-25T06:19:18Z,76.0
2023-02-25T06:19:28Z,77.0
2023-02-25T06:19:38Z,76.0
2023-02-25T06:19:43Z,74.0
2023-02-25T06:19:48Z,73.0
2023-02-25T06:19:53Z,72.0
2023-02-25T06:19:58Z,69.0
2023-02-25T06:20:03Z,72.0
2023-02-25T06:20:08Z,70.0
2023-02-25T06:20:13Z,71.0
2023-02-25T06:20:23Z,72.0
2023-02-25T06:20:28Z,74.0
2023-02-25T06:20:33Z,75.0
2023-02-25T06:20:38Z,74.0
2023-02-25T06:20:48Z,73.0
2023-02-25T06:20:53Z,69.0
2023-02-25T06:20:58Z,68.0
2023-02-25T06:21:03Z,67.0
2023-02-25T06:21:13Z,70.0
2023-02-25T06:21:18Z,71.0
2023-02-25T06:21:23Z,68.0
2023-02-25T06:21:28Z,66.0
2023-02-25T06:21:33Z,67.0
2023-02-25T06:21:43Z,66.0
2023-02-25T06:21:53Z,65.0
2023-02-25T06:21:58Z,67.0
2023-02-25T06:22:03Z,69.0
2023-02-25T06:22:08Z,71.0
2023-02-25T06:22:13Z,70.0
2023-02-25T06:22:23Z,71.0
2023-02-25T06:22:28Z,73.0
2023-02-25T06:22:43Z,73.0
2023-02-25T06:22:48Z,71.0
2023-02-25T06:22:53Z,70.0
2023-02-25T06:23:03Z,71.0
2023-02-25T06:23:08Z,72.0
2023-02-25T06:23:18Z,71.0
2023-02-25T06:23:28Z,70.0
2023-02-25T06:23:33Z,71.0
2023-02-25T06:23:48Z,70.0
2023-02-25T06:23:53Z,71.0
2023-02-25T06:24:03Z,72.0
2023-02-25T06:24:13Z,73.0
2023-02-25T06:24:18Z,72.0
2023-02-25T06:24:33Z,71.0
2023-02-25T06:24:43Z,72.0
2023-02-25T06:24:53Z,73.0
2023-02-25T06:24:58Z,72.0
2023-02-25T06:25:03Z,73.0
2023-02-25T06:25:08Z,74.0
2023-02-25T06:25:13Z,75.0
2023-02-25T06:25:18Z,73.0
2023-02-25T06:25:23Z,72.0
2023-02-25T06:25:28Z,71.0
2023-02-25T06:25:33Z,74.0
2023-02-25T06:25:48Z,72.0
2023-02-25T06:25:53Z,71.0
2023-02-25T06:25:58Z,72.0
2023-02-25T06:26:03Z,71.0
2023-02-25T06:26:08Z,70.0
2023-02-25T06:26:13Z,72.0
2023-02-25T06:26:23Z,71.0
2023-02-25T06:26:28Z,70.0
2023-02-25T06:26:33Z,71.0
2023-02-25T06:26:38Z,69.0
2023-02-25T06:26:43Z,70.0
2023-02-25T06:26:58Z,77.0
2023-02-25T06:27:03Z,94.0
2023-02-25T06:27:08Z,95.0
2023-02-25T06:27:13Z,88.0
2023-02-25T06:27:18Z,81.0
2023-02-25T06:27:23Z,77.0
2023-02-25T06:27:28Z,76.0
2023-02-25T06:27:38Z,77.0
2023-02-25T06:27:48Z,76.0
2023-02-25T06:27:53Z,75.0
2023-02-25T06:28:03Z,74.0
2023-02-25T06:28:08Z,75.0
2023-02-25T06:28:13Z,72.0
2023-02-25T06:28:18Z,71.0
2023-02-25T06:28:23Z,70.0
2023-02-25T06:28:28Z,71.0
2023-02-25T06:28:43Z,74.0
2023-02-25T06:28:48Z,79.0
2023-02-25T06:28:53Z,77.0
2023-02-25T06:28:58Z,73.0
2023-02-25T06:29:03Z,71.0
2023-02-25T06:29:08Z,70.0
2023-02-25T06:29:13Z,69.0
2023-02-25T06:29:23Z,70.0
2023-02-25T06:29:28Z,73.0
2023-02-25T06:29:38Z,72.0
2023-02-25T06:29:48Z,76.0
2023-02-25T06:29:53Z,82.0
2023-02-25T06:29:58Z,80.0
2023-02-25T06:30:03Z,77.0
2023-02-25T06:30:08Z,75.0
2023-02-25T06:30:13Z,72.0
2023-02-25T06:30:18Z,70.0
2023-02-25T06:30:28Z,72.0
2023-02-25T06:30:33Z,71.0
2023-02-25T06:30:38Z,70.0
2023-02-25T06:30:43Z,71.0
2023-02-25T06:30:48Z,77.0
2023-02-25T06:30:53Z,82.0
2023-02-25T06:30:58Z,82.0
2023-02-25T06:31:03Z,79.0
2023-02-25T06:31:08Z,78.0
2023-02-25T06:31:13Z,77.0
2023-02-25T06:31:18Z,75.0
2023-02-25T06:31:23Z,72.0
2023-02-25T06:31:28Z,68.0
2023-02-25T06:31:33Z,67.0
2023-02-25T06:31:43Z,70.0
2023-02-25T06:31:48Z,73.0
2023-02-25T06:31:53Z,81.0
2023-02-25T06:31:58Z,77.0
2023-02-25T06:32:03Z,74.0
2023-02-25T06:32:08Z,73.0
2023-02-25T06:32:13Z,72.0
2023-02-25T06:32:23Z,70.0
2023-02-25T06:32:33Z,71.0
2023-02-25T06:32:38Z,69.0
2023-02-25T06:32:48Z,68.0
2023-02-25T06:32:53Z,65.0
2023-02-25T06:32:58Z,66.0
2023-02-25T06:33:03Z,67.0
2023-02-25T06:33:08Z,68.0
2023-02-25T06:33:13Z,69.0
2023-02-25T06:33:18Z,70.0
2023-02-25T06:33:28Z,69.0
2023-02-25T06:33:33Z,69.0
2023-02-25T06:33:38Z,71.0
2023-02-25T06:33:43Z,70.0
2023-02-25T06:33:48Z,71.0
2023-02-25T06:33:53Z,76.0
2023-02-25T06:33:58Z,78.0
2023-02-25T06:34:03Z,79.0
2023-02-25T06:34:08Z,81.0
2023-02-25T06:34:13Z,80.0
2023-02-25T06:34:18Z,84.0
2023-02-25T06:34:23Z,83.0
2023-02-25T06:34:28Z,80.0
2023-02-25T06:34:33Z,75.0
2023-02-25T06:34:38Z,73.0
2023-02-25T06:34:43Z,71.0
2023-02-25T06:34:53Z,70.0
2023-02-25T06:35:08Z,75.0
2023-02-25T06:35:13Z,76.0
2023-02-25T06:35:18Z,73.0
2023-02-25T06:35:23Z,71.0
2023-02-25T06:35:28Z,70.0
2023-02-25T06:35:33Z,69.0
2023-02-25T06:35:38Z,70.0
2023-02-25T06:35:53Z,70.0
2023-02-25T06:35:58Z,71.0
2023-02-25T06:36:08Z,70.0
2023-02-25T06:36:13Z,72.0
2023-02-25T06:36:18Z,71.0
2023-02-25T06:36:23Z,72.0
2023-02-25T06:36:33Z,74.0
2023-02-25T06:36:38Z,79.0
2023-02-25T06:36:43Z,83.0
2023-02-25T06:36:48Z,82.0
2023-02-25T06:36:53Z,79.0
2023-02-25T06:36:58Z,76.0
2023-02-25T06:37:03Z,72.0
2023-02-25T06:37:08Z,69.0
2023-02-25T06:37:13Z,68.0
2023-02-25T06:37:18Z,68.0
2023-02-25T06:37:23Z,71.0
2023-02-25T06:37:28Z,80.0
2023-02-25T06:37:33Z,86.0
2023-02-25T06:37:38Z,85.0
2023-02-25T06:37:43Z,81.0
2023-02-25T06:37:53Z,78.0
2023-02-25T06:37:58Z,75.0
2023-02-25T06:38:03Z,73.0
2023-02-25T06:38:13Z,75.0
2023-02-25T06:38:18Z,76.0
2023-02-25T06:38:23Z,74.0
2023-02-25T06:38:33Z,75.0
2023-02-25T06:38:38Z,76.0
2023-02-25T06:38:48Z,77.0
2023-02-25T06:38:53Z,78.0
2023-02-25T06:38:58Z,80.0
2023-02-25T06:39:03Z,79.0
2023-02-25T06:39:13Z,78.0
2023-02-25T06:39:18Z,76.0
2023-02-25T06:39:23Z,74.0
2023-02-25T06:39:33Z,75.0
2023-02-25T06:39:38Z,74.0
2023-02-25T06:39:43Z,77.0
2023-02-25T06:39:48Z,79.0
2023-02-25T06:39:53Z,77.0
2023-02-25T06:39:58Z,78.0
2023-02-25T06:40:04Z,77.0
2023-02-25T06:40:09Z,78.0
2023-02-25T06:40:14Z,76.0
2023-02-25T06:40:24Z,75.0
2023-02-25T06:40:29Z,74.0
2023-02-25T06:40:34Z,75.0
2023-02-25T06:40:39Z,73.0
2023-02-25T06:40:49Z,72.0
2023-02-25T06:40:59Z,73.0
2023-02-25T06:41:04Z,74.0
2023-02-25T06:41:09Z,73.0
2023-02-25T06:41:14Z,74.0
2023-02-25T06:41:24Z,75.0
2023-02-25T06:41:29Z,92.0
2023-02-25T06:41:34Z,98.0
2023-02-25T06:41:39Z,95.0
2023-02-25T06:41:44Z,76.0
2023-02-25T06:41:49Z,85.0
2023-02-25T06:41:54Z,77.0
2023-02-25T06:41:59Z,71.0
2023-02-25T06:42:04Z,70.0
2023-02-25T06:42:19Z,70.0
2023-02-25T06:42:24Z,72.0
2023-02-25T06:42:29Z,71.0
2023-02-25T06:42:34Z,70.0
2023-02-25T06:42:39Z,71.0
2023-02-25T06:42:44Z,70.0
2023-02-25T06:42:54Z,71.0
2023-02-25T06:42:59Z,73.0
2023-02-25T06:43:04Z,76.0
2023-02-25T06:43:09Z,75.0
2023-02-25T06:43:14Z,72.0
2023-02-25T06:43:19Z,71.0
2023-02-25T06:43:24Z,69.0
2023-02-25T06:43:29Z,68.0
2023-02-25T06:43:44Z,69.0
2023-02-25T06:43:59Z,69.0
2023-02-25T06:44:14Z,71.0
2023-02-25T06:44:20Z,76.0
2023-02-25T06:44:25Z,74.0
2023-02-25T06:44:30Z,72.0
2023-02-25T06:44:35Z,69.0
2023-02-25T06:44:40Z,68.0
2023-02-25T06:44:45Z,66.0
2023-02-25T06:44:55Z,67.0
2023-02-25T06:45:05Z,69.0
2023-02-25T06:45:10Z,70.0
2023-02-25T06:45:15Z,68.0
2023-02-25T06:45:20Z,67.0
2023-02-25T06:45:25Z,66.0
2023-02-25T06:45:30Z,68.0
2023-02-25T06:45:40Z,70.0
2023-02-25T06:45:45Z,69.0
2023-02-25T06:45:50Z,70.0
2023-02-25T06:45:55Z,69.0
2023-02-25T06:46:00Z,70.0
2023-02-25T06:46:10Z,69.0
2023-02-25T06:46:15Z,68.0
2023-02-25T06:46:20Z,66.0
2023-02-25T06:46:35Z,65.0
2023-02-25T06:46:50Z,66.0
2023-02-25T06:47:05Z,68.0
2023-02-25T06:47:15Z,69.0
2023-02-25T06:47:25Z,70.0
2023-02-25T06:47:30Z,69.0
2023-02-25T06:47:35Z,71.0
2023-02-25T06:47:40Z,72.0
2023-02-25T06:47:45Z,73.0
2023-02-25T06:47:55Z,76.0
2023-02-25T06:48:00Z,80.0
2023-02-25T06:48:10Z,78.0
2023-02-25T06:48:15Z,75.0
2023-02-25T06:48:20Z,72.0
2023-02-25T06:48:25Z,71.0
2023-02-25T06:48:35Z,72.0
2023-02-25T06:48:40Z,70.0
2023-02-25T06:48:45Z,75.0
2023-02-25T06:48:50Z,80.0
2023-02-25T06:48:55Z,78.0
2023-02-25T06:49:00Z,76.0
2023-02-25T06:49:05Z,74.0
2023-02-25T06:49:10Z,73.0
2023-02-25T06:49:15Z,74.0
2023-02-25T06:49:20Z,73.0
2023-02-25T06:49:25Z,74.0
2023-02-25T06:49:30Z,75.0
2023-02-25T06:49:35Z,73.0
2023-02-25T06:49:45Z,70.0
2023-02-25T06:49:50Z,69.0
2023-02-25T06:49:55Z,68.0
2023-02-25T06:50:00Z,67.0
2023-02-25T06:50:05Z,66.0
2023-02-25T06:50:10Z,67.0
2023-02-25T06:50:20Z,69.0
2023-02-25T06:50:25Z,72.0
2023-02-25T06:50:30Z,71.0
2023-02-25T06:50:35Z,69.0
2023-02-25T06:50:40Z,72.0
2023-02-25T06:50:45Z,74.0
2023-02-25T06:50:50Z,69.0
2023-02-25T06:50:55Z,70.0
2023-02-25T06:51:00Z,75.0
2023-02-25T06:51:05Z,81.0
2023-02-25T06:51:10Z,78.0
2023-02-25T06:51:15Z,73.0
2023-02-25T06:51:20Z,71.0
2023-02-25T06:51:25Z,67.0
2023-02-25T06:51:30Z,70.0
2023-02-25T06:51:35Z,75.0
2023-02-25T06:51:45Z,76.0
2023-02-25T06:51:50Z,75.0
2023-02-25T06:52:00Z,72.0
2023-02-25T06:52:05Z,71.0
2023-02-25T06:52:10Z,70.0
2023-02-25T06:52:15Z,71.0
2023-02-25T06:52:20Z,72.0
2023-02-25T06:52:25Z,74.0
2023-02-25T06:52:30Z,75.0
2023-02-25T06:52:35Z,72.0
2023-02-25T06:52:40Z,70.0
2023-02-25T06:52:45Z,72.0
2023-02-25T06:52:50Z,71.0
2023-02-25T06:52:55Z,66.0
2023-02-25T06:53:00Z,65.0
2023-02-25T06:53:05Z,66.0
2023-02-25T06:53:10Z,67.0
2023-02-25T06:53:15Z,68.0
2023-02-25T06:53:20Z,70.0
2023-02-25T06:53:30Z,71.0
2023-02-25T06:53:35Z,73.0
2023-02-25T06:53:40Z,72.0
2023-02-25T06:53:45Z,71.0
2023-02-25T06:53:50Z,69.0
2023-02-25T06:53:55Z,70.0
2023-02-25T06:54:10Z,69.0
2023-02-25T06:54:15Z,68.0
2023-02-25T06:54:20Z,69.0
2023-02-25T06:54:25Z,70.0
2023-02-25T06:54:30Z,72.0
2023-02-25T06:54:40Z,71.0
2023-02-25T06:54:50Z,70.0
2023-02-25T06:54:55Z,71.0
2023-02-25T06:55:00Z,70.0
2023-02-25T06:55:05Z,69.0
2023-02-25T06:55:15Z,70.0
2023-02-25T06:55:20Z,71.0
2023-02-25T06:55:25Z,77.0
2023-02-25T06:55:30Z,72.0
2023-02-25T06:55:35Z,74.0
2023-02-25T06:55:40Z,79.0
2023-02-25T06:55:45Z,81.0
2023-02-25T06:55:50Z,80.0
2023-02-25T06:56:00Z,79.0
2023-02-25T06:56:05Z,78.0
2023-02-25T06:56:20Z,74.0
2023-02-25T06:56:25Z,77.0
2023-02-25T06:56:30Z,81.0
2023-02-25T06:56:36Z,83.0
2023-02-25T06:56:41Z,87.0
2023-02-25T06:56:46Z,94.0
2023-02-25T06:56:51Z,95.0
2023-02-25T06:56:56Z,92.0
2023-02-25T06:57:01Z,90.0
2023-02-25T06:57:06Z,87.0
2023-02-25T06:57:11Z,92.0
2023-02-25T06:57:16Z,93.0
2023-02-25T06:57:27Z,90.0
2023-02-25T06:57:31Z,87.0
2023-02-25T06:57:36Z,85.0
2023-02-25T06:57:41Z,82.0
2023-02-25T06:57:46Z,81.0
2023-02-25T06:57:56Z,80.0
2023-02-25T06:58:01Z,78.0
2023-02-25T06:58:11Z,79.0
2023-02-25T06:58:16Z,78.0
2023-02-25T06:58:21Z,75.0
2023-02-25T06:58:26Z,74.0
2023-02-25T06:58:31Z,75.0
2023-02-25T06:58:36Z,76.0
2023-02-25T06:58:41Z,75.0
2023-02-25T06:58:46Z,74.0
2023-02-25T06:58:56Z,76.0
2023-02-25T06:59:01Z,78.0
2023-02-25T06:59:06Z,76.0
2023-02-25T06:59:11Z,73.0
2023-02-25T06:59:16Z,72.0
2023-02-25T06:59:21Z,73.0
2023-02-25T06:59:26Z,65.0
2023-02-25T06:59:31Z,63.0
2023-02-25T06:59:36Z,64.0
2023-02-25T06:59:41Z,63.0
2023-02-25T06:59:46Z,65.0
2023-02-25T06:59:51Z,66.0
2023-02-25T06:59:56Z,67.0
2023-02-25T07:00:01Z,67.0
2023-02-25T07:00:06Z,70.0
2023-02-25T07:00:11Z,68.0
2023-02-25T07:00:16Z,64.0
2023-02-25T07:00:26Z,65.0
2023-02-25T07:00:31Z,64.0
2023-02-25T07:00:36Z,63.0
2023-02-25T07:00:41Z,62.0
2023-02-25T07:00:46Z,67.0
2023-02-25T07:00:51Z,70.0
2023-02-25T07:00:56Z,71.0
2023-02-25T07:01:06Z,72.0
2023-02-25T07:01:11Z,71.0
2023-02-25T07:01:21Z,72.0
2023-02-25T07:01:26Z,73.0
2023-02-25T07:01:31Z,72.0
2023-02-25T07:01:36Z,69.0
2023-02-25T07:01:41Z,68.0
2023-02-25T07:01:46Z,69.0
2023-02-25T07:01:51Z,71.0
2023-02-25T07:02:01Z,72.0
2023-02-25T07:02:06Z,73.0
2023-02-25T07:02:11Z,75.0
2023-02-25T07:02:16Z,73.0
2023-02-25T07:02:31Z,74.0
2023-02-25T07:02:36Z,73.0
2023-02-25T07:02:41Z,71.0
2023-02-25T07:02:46Z,69.0
2023-02-25T07:02:51Z,66.0
2023-02-25T07:02:56Z,63.0
2023-02-25T07:03:11Z,64.0
2023-02-25T07:03:21Z,65.0
2023-02-25T07:03:26Z,67.0
2023-02-25T07:03:31Z,68.0
2023-02-25T07:03:36Z,72.0
2023-02-25T07:03:41Z,73.0
2023-02-25T07:03:46Z,77.0
2023-02-25T07:04:01Z,78.0
2023-02-25T07:04:06Z,79.0
2023-02-25T07:04:11Z,80.0
2023-02-25T07:04:16Z,84.0
2023-02-25T07:04:21Z,85.0
2023-02-25T07:04:26Z,83.0
2023-02-25T07:04:31Z,80.0
2023-02-25T07:04:36Z,78.0
2023-02-25T07:04:41Z,77.0
2023-02-25T07:04:46Z,79.0
2023-02-25T07:04:51Z,78.0
2023-02-25T07:04:56Z,75.0
2023-02-25T07:05:06Z,77.0
2023-02-25T07:05:16Z,75.0
2023-02-25T07:05:21Z,76.0
2023-02-25T07:05:26Z,75.0
2023-02-25T07:05:41Z,76.0
2023-02-25T07:05:46Z,76.0
2023-02-25T07:05:51Z,75.0
2023-02-25T07:06:01Z,78.0
2023-02-25T07:06:06Z,79.0
2023-02-25T07:06:11Z,77.0
2023-02-25T07:06:16Z,75.0
2023-02-25T07:06:26Z,73.0
2023-02-25T07:06:31Z,71.0
2023-02-25T07:06:36Z,68.0
2023-02-25T07:06:41Z,73.0
2023-02-25T07:06:46Z,74.0
2023-02-25T07:06:51Z,79.0
2023-02-25T07:06:56Z,83.0
2023-02-25T07:07:01Z,84.0
2023-02-25T07:07:06Z,83.0
2023-02-25T07:07:11Z,81.0
2023-02-25T07:07:16Z,80.0
2023-02-25T07:07:21Z,77.0
2023-02-25T07:07:26Z,74.0
2023-02-25T07:07:41Z,74.0
2023-02-25T07:07:46Z,75.0
2023-02-25T07:07:51Z,79.0
2023-02-25T07:07:56Z,80.0
2023-02-25T07:08:01Z,81.0
2023-02-25T07:08:06Z,84.0
2023-02-25T07:08:11Z,88.0
2023-02-25T07:08:16Z,83.0
2023-02-25T07:08:21Z,83.0
2023-02-25T07:08:26Z,85.0
2023-02-25T07:08:31Z,87.0
2023-02-25T07:08:36Z,86.0
2023-02-25T07:08:41Z,85.0
2023-02-25T07:08:46Z,86.0
2023-02-25T07:08:51Z,85.0
2023-02-25T07:08:56Z,84.0
2023-02-25T07:09:01Z,86.0
2023-02-25T07:09:06Z,85.0
2023-02-25T07:09:11Z,83.0
2023-02-25T07:09:26Z,81.0
2023-02-25T07:09:31Z,78.0
2023-02-25T07:09:36Z,79.0
2023-02-25T07:09:41Z,82.0
2023-02-25T07:09:46Z,78.0
2023-02-25T07:09:51Z,75.0
2023-02-25T07:09:56Z,76.0
2023-02-25T07:10:01Z,77.0
2023-02-25T07:10:06Z,73.0
2023-02-25T07:10:16Z,72.0
2023-02-25T07:10:21Z,73.0
2023-02-25T07:10:31Z,68.0
2023-02-25T07:10:36Z,70.0
2023-02-25T07:10:41Z,72.0
2023-02-25T07:10:46Z,71.0
2023-02-25T07:10:51Z,69.0
2023-02-25T07:10:56Z,70.0
2023-02-25T07:11:01Z,72.0
2023-02-25T07:11:06Z,71.0
2023-02-25T07:11:11Z,70.0
2023-02-25T07:11:21Z,68.0
2023-02-25T07:11:26Z,70.0
2023-02-25T07:11:36Z,68.0
2023-02-25T07:11:46Z,69.0
2023-02-25T07:11:51Z,68.0
2023-02-25T07:11:56Z,69.0
2023-02-25T07:12:01Z,70.0
2023-02-25T07:12:11Z,68.0
2023-02-25T07:12:16Z,67.0
2023-02-25T07:12:31Z,68.0
2023-02-25T07:12:36Z,69.0
2023-02-25T07:12:41Z,68.0
2023-02-25T07:12:56Z,68.0
2023-02-25T07:13:07Z,70.0
2023-02-25T07:13:17Z,72.0
2023-02-25T07:13:22Z,71.0
2023-02-25T07:13:27Z,70.0
2023-02-25T07:13:37Z,68.0
2023-02-25T07:13:42Z,67.0
2023-02-25T07:13:47Z,66.0
2023-02-25T07:13:57Z,65.0
2023-02-25T07:14:02Z,66.0
2023-02-25T07:14:07Z,67.0
2023-02-25T07:14:12Z,68.0
2023-02-25T07:14:27Z,68.0
2023-02-25T07:14:37Z,69.0
2023-02-25T07:14:42Z,71.0
2023-02-25T07:14:47Z,76.0
2023-02-25T07:14:57Z,73.0
2023-02-25T07:15:12Z,72.0
2023-02-25T07:15:17Z,69.0
2023-02-25T07:15:32Z,68.0
2023-02-25T07:15:37Z,68.0
2023-02-25T07:15:42Z,67.0
2023-02-25T07:15:47Z,66.0
2023-02-25T07:15:52Z,65.0
2023-02-25T07:15:57Z,64.0
2023-02-25T07:16:07Z,64.0
2023-02-25T07:16:12Z,66.0
2023-02-25T07:16:17Z,67.0
2023-02-25T07:16:22Z,66.0
2023-02-25T07:16:27Z,67.0
2023-02-25T07:16:32Z,68.0
2023-02-25T07:16:37Z,67.0
2023-02-25T07:16:42Z,66.0
2023-02-25T07:16:57Z,69.0
2023-02-25T07:17:02Z,71.0
2023-02-25T07:17:07Z,73.0
2023-02-25T07:17:12Z,70.0
2023-02-25T07:17:17Z,69.0
2023-02-25T07:17:32Z,68.0
2023-02-25T07:17:42Z,70.0
2023-02-25T07:17:47Z,69.0
2023-02-25T07:17:52Z,68.0
2023-02-25T07:18:02Z,66.0
2023-02-25T07:18:07Z,67.0
2023-02-25T07:18:12Z,66.0
2023-02-25T07:18:17Z,65.0
2023-02-25T07:18:27Z,66.0
2023-02-25T07:18:32Z,67.0
2023-02-25T07:18:42Z,68.0
2023-02-25T07:18:57Z,69.0
2023-02-25T07:19:07Z,65.0
2023-02-25T07:19:12Z,63.0
2023-02-25T07:19:22Z,65.0
2023-02-25T07:19:27Z,67.0
2023-02-25T07:19:32Z,68.0
2023-02-25T07:19:37Z,67.0
2023-02-25T07:19:52Z,68.0
2023-02-25T07:20:02Z,67.0
2023-02-25T07:20:07Z,68.0
2023-02-25T07:20:12Z,67.0
2023-02-25T07:20:22Z,66.0
2023-02-25T07:20:27Z,67.0
2023-02-25T07:20:42Z,65.0
2023-02-25T07:20:47Z,64.0
2023-02-25T07:20:57Z,68.0
2023-02-25T07:21:02Z,69.0
2023-02-25T07:21:07Z,67.0
2023-02-25T07:21:22Z,67.0
2023-02-25T07:21:27Z,68.0
2023-02-25T07:21:32Z,69.0
2023-02-25T07:21:37Z,71.0
2023-02-25T07:21:42Z,72.0
2023-02-25T07:21:47Z,70.0
2023-02-25T07:21:52Z,67.0
2023-02-25T07:21:57Z,66.0
2023-02-25T07:22:07Z,64.0
2023-02-25T07:22:17Z,65.0
2023-02-25T07:22:22Z,66.0
2023-02-25T07:22:27Z,68.0
2023-02-25T07:22:32Z,70.0
2023-02-25T07:22:37Z,78.0
2023-02-25T07:22:42Z,78.0
2023-02-25T07:22:47Z,76.0
2023-02-25T07:22:52Z,74.0
2023-02-25T07:22:57Z,71.0
2023-02-25T07:23:02Z,70.0
2023-02-25T07:23:07Z,68.0
2023-02-25T07:23:12Z,66.0
2023-02-25T07:23:17Z,68.0
2023-02-25T07:23:27Z,67.0
2023-02-25T07:23:32Z,65.0
2023-02-25T07:23:42Z,64.0
2023-02-25T07:23:47Z,65.0
2023-02-25T07:23:52Z,66.0
2023-02-25T07:23:57Z,67.0
2023-02-25T07:24:02Z,69.0
2023-02-25T07:24:17Z,67.0
2023-02-25T07:24:27Z,66.0
2023-02-25T07:24:32Z,65.0
2023-02-25T07:24:37Z,63.0
2023-02-25T07:24:48Z,64.0
2023-02-25T07:24:53Z,66.0
2023-02-25T07:24:58Z,67.0
2023-02-25T07:25:08Z,66.0
2023-02-25T07:25:13Z,65.0
2023-02-25T07:25:18Z,66.0
2023-02-25T07:25:23Z,69.0
2023-02-25T07:25:28Z,70.0
2023-02-25T07:25:33Z,67.0
2023-02-25T07:25:38Z,66.0
2023-02-25T07:25:43Z,65.0
2023-02-25T07:25:53Z,64.0
2023-02-25T07:26:03Z,65.0
2023-02-25T07:26:18Z,65.0
2023-02-25T07:26:28Z,64.0
2023-02-25T07:26:38Z,66.0
2023-02-25T07:26:43Z,67.0
2023-02-25T07:26:48Z,68.0
2023-02-25T07:26:58Z,69.0
2023-02-25T07:27:03Z,71.0
2023-02-25T07:27:13Z,75.0
2023-02-25T07:27:23Z,74.0
2023-02-25T07:27:28Z,72.0
2023-02-25T07:27:33Z,74.0
2023-02-25T07:27:38Z,75.0
2023-02-25T07:27:43Z,72.0
2023-02-25T07:27:48Z,70.0
2023-02-25T07:27:53Z,70.0
2023-02-25T07:27:58Z,71.0
2023-02-25T07:28:03Z,72.0
2023-02-25T07:28:08Z,69.0
2023-02-25T07:28:13Z,71.0
2023-02-25T07:28:18Z,70.0
2023-02-25T07:28:23Z,68.0
2023-02-25T07:28:33Z,66.0
2023-02-25T07:28:38Z,64.0
2023-02-25T07:28:43Z,63.0
2023-02-25T07:28:48Z,64.0
2023-02-25T07:29:03Z,64.0
2023-02-25T07:29:08Z,65.0
2023-02-25T07:29:13Z,66.0
2023-02-25T07:29:18Z,67.0
2023-02-25T07:29:23Z,66.0
2023-02-25T07:29:38Z,67.0
2023-02-25T07:29:43Z,66.0
2023-02-25T07:29:48Z,65.0
2023-02-25T07:29:53Z,66.0
2023-02-25T07:29:58Z,65.0
2023-02-25T07:30:03Z,64.0
2023-02-25T07:30:08Z,63.0
2023-02-25T07:30:13Z,65.0
2023-02-25T07:30:18Z,67.0
2023-02-25T07:30:23Z,68.0
2023-02-25T07:30:33Z,69.0
2023-02-25T07:30:38Z,68.0
2023-02-25T07:30:43Z,67.0
2023-02-25T07:30:48Z,65.0
2023-02-25T07:30:58Z,66.0
2023-02-25T07:31:03Z,67.0
2023-02-25T07:31:08Z,66.0
2023-02-25T07:31:13Z,65.0
2023-02-25T07:31:23Z,66.0
2023-02-25T07:31:28Z,68.0
2023-02-25T07:31:33Z,70.0
2023-02-25T07:31:43Z,68.0
2023-02-25T07:31:48Z,70.0
2023-02-25T07:31:53Z,77.0
2023-02-25T07:31:58Z,80.0
2023-02-25T07:32:03Z,79.0
2023-02-25T07:32:08Z,74.0
2023-02-25T07:32:13Z,72.0
2023-02-25T07:32:18Z,71.0
2023-02-25T07:32:23Z,70.0
2023-02-25T07:32:28Z,67.0
2023-02-25T07:32:33Z,65.0
2023-02-25T07:32:43Z,64.0
2023-02-25T07:32:53Z,67.0
2023-02-25T07:32:58Z,68.0
2023-02-25T07:33:13Z,67.0
2023-02-25T07:33:18Z,69.0
2023-02-25T07:33:23Z,71.0
2023-02-25T07:33:28Z,70.0
2023-02-25T07:33:33Z,69.0
2023-02-25T07:33:38Z,70.0
2023-02-25T07:33:43Z,71.0
2023-02-25T07:33:58Z,69.0
2023-02-25T07:34:08Z,71.0
2023-02-25T07:34:13Z,70.0
2023-02-25T07:34:23Z,68.0
2023-02-25T07:34:28Z,66.0
2023-02-25T07:34:38Z,67.0
2023-02-25T07:34:43Z,66.0
2023-02-25T07:34:48Z,68.0
2023-02-25T07:34:53Z,64.0
2023-02-25T07:34:58Z,63.0
2023-02-25T07:35:08Z,64.0
2023-02-25T07:35:13Z,67.0
2023-02-25T07:35:18Z,70.0
2023-02-25T07:35:23Z,68.0
2023-02-25T07:35:28Z,67.0
2023-02-25T07:35:33Z,65.0
2023-02-25T07:35:38Z,64.0
2023-02-25T07:35:43Z,65.0
2023-02-25T07:35:48Z,64.0
2023-02-25T07:36:03Z,65.0
2023-02-25T07:36:08Z,66.0
2023-02-25T07:36:13Z,67.0
2023-02-25T07:36:28Z,67.0
2023-02-25T07:36:33Z,68.0
2023-02-25T07:36:38Z,69.0
2023-02-25T07:36:43Z,71.0
2023-02-25T07:36:48Z,70.0
2023-02-25T07:36:53Z,68.0
2023-02-25T07:37:08Z,69.0
2023-02-25T07:37:18Z,70.0
2023-02-25T07:37:23Z,72.0
2023-02-25T07:37:28Z,71.0
2023-02-25T07:37:33Z,68.0
2023-02-25T07:37:38Z,67.0
2023-02-25T07:37:53Z,67.0
2023-02-25T07:38:03Z,68.0
2023-02-25T07:38:08Z,69.0
2023-02-25T07:38:23Z,70.0
2023-02-25T07:38:38Z,72.0
2023-02-25T07:38:43Z,71.0
2023-02-25T07:38:48Z,72.0
2023-02-25T07:38:53Z,73.0
2023-02-25T07:39:08Z,72.0
2023-02-25T07:39:18Z,73.0
2023-02-25T07:39:23Z,71.0
2023-02-25T07:39:28Z,72.0
2023-02-25T07:39:43Z,73.0
2023-02-25T07:39:48Z,75.0
2023-02-25T07:39:53Z,76.0
2023-02-25T07:39:58Z,77.0
2023-02-25T07:40:03Z,74.0
2023-02-25T07:40:08Z,72.0
2023-02-25T07:40:13Z,70.0
2023-02-25T07:40:18Z,71.0
2023-02-25T07:40:28Z,70.0
2023-02-25T07:40:33Z,68.0
2023-02-25T07:40:43Z,69.0
2023-02-25T07:40:48Z,68.0
2023-02-25T07:40:53Z,69.0
2023-02-25T07:40:58Z,72.0
2023-02-25T07:41:03Z,71.0
2023-02-25T07:41:08Z,69.0
2023-02-25T07:41:13Z,67.0
2023-02-25T07:41:28Z,72.0
2023-02-25T07:41:33Z,74.0
2023-02-25T07:41:48Z,70.0
2023-02-25T07:41:53Z,69.0
2023-02-25T07:41:58Z,71.0
2023-02-25T07:42:03Z,72.0
2023-02-25T07:42:08Z,68.0
2023-02-25T07:42:13Z,67.0
2023-02-25T07:42:23Z,66.0
2023-02-25T07:42:28Z,65.0
2023-02-25T07:42:38Z,66.0
2023-02-25T07:42:43Z,65.0
2023-02-25T07:42:58Z,67.0
2023-02-25T07:43:03Z,68.0
2023-02-25T07:43:08Z,68.0
2023-02-25T07:43:13Z,69.0
2023-02-25T07:43:18Z,67.0
2023-02-25T07:43:23Z,68.0
2023-02-25T07:43:28Z,67.0
2023-02-25T07:43:33Z,71.0
2023-02-25T07:43:38Z,73.0
2023-02-25T07:43:48Z,70.0
2023-02-25T07:43:53Z,69.0
2023-02-25T07:43:58Z,69.0
2023-02-25T07:44:04Z,75.0
2023-02-25T07:44:09Z,80.0
2023-02-25T07:44:14Z,78.0
2023-02-25T07:44:24Z,75.0
2023-02-25T07:44:29Z,73.0
2023-02-25T07:44:44Z,74.0
2023-02-25T07:44:59Z,76.0
2023-02-25T07:45:04Z,78.0
2023-02-25T07:45:09Z,75.0
2023-02-25T07:45:14Z,74.0
2023-02-25T07:45:19Z,73.0
2023-02-25T07:45:24Z,71.0
2023-02-25T07:45:29Z,70.0
2023-02-25T07:45:39Z,71.0
2023-02-25T07:45:54Z,71.0
2023-02-25T07:45:59Z,68.0
2023-02-25T07:46:04Z,69.0
2023-02-25T07:46:09Z,68.0
2023-02-25T07:46:14Z,67.0
2023-02-25T07:46:19Z,68.0
2023-02-25T07:46:24Z,70.0
2023-02-25T07:46:29Z,69.0
2023-02-25T07:46:34Z,68.0
2023-02-25T07:46:49Z,69.0
2023-02-25T07:46:54Z,70.0
2023-02-25T07:46:59Z,73.0
2023-02-25T07:47:09Z,70.0
2023-02-25T07:47:14Z,69.0
2023-02-25T07:47:19Z,68.0
2023-02-25T07:47:24Z,67.0
2023-02-25T07:47:29Z,66.0
2023-02-25T07:47:34Z,67.0
2023-02-25T07:47:39Z,68.0
2023-02-25T07:47:54Z,67.0
2023-02-25T07:48:04Z,68.0
2023-02-25T07:48:09Z,69.0
2023-02-25T07:48:24Z,69.0
2023-02-25T07:48:29Z,66.0
2023-02-25T07:48:34Z,67.0
2023-02-25T07:48:39Z,69.0
2023-02-25T07:48:44Z,68.0
2023-02-25T07:48:59Z,68.0
2023-02-25T07:49:04Z,66.0
2023-02-25T07:49:14Z,67.0
2023-02-25T07:49:19Z,66.0
2023-02-25T07:49:24Z,64.0
2023-02-25T07:49:34Z,65.0
2023-02-25T07:49:44Z,66.0
2023-02-25T07:49:54Z,68.0
2023-02-25T07:49:59Z,78.0
2023-02-25T07:50:04Z,76.0
2023-02-25T07:50:14Z,72.0
2023-02-25T07:50:19Z,69.0
2023-02-25T07:50:24Z,69.0
2023-02-25T07:50:29Z,70.0
2023-02-25T07:50:34Z,68.0
2023-02-25T07:50:39Z,67.0
2023-02-25T07:50:44Z,66.0
2023-02-25T07:50:49Z,69.0
2023-02-25T07:50:54Z,73.0
2023-02-25T07:50:59Z,74.0
2023-02-25T07:51:04Z,71.0
2023-02-25T07:51:09Z,69.0
2023-02-25T07:51:14Z,68.0
2023-02-25T07:51:19Z,67.0
2023-02-25T07:51:29Z,64.0
2023-02-25T07:51:34Z,62.0
2023-02-25T07:51:39Z,64.0
2023-02-25T07:51:49Z,66.0
2023-02-25T07:51:54Z,67.0
2023-02-25T07:51:59Z,68.0
2023-02-25T07:52:09Z,80.0
2023-02-25T07:52:14Z,77.0
2023-02-25T07:52:19Z,70.0
2023-02-25T07:52:24Z,65.0
2023-02-25T07:52:29Z,64.0
2023-02-25T07:52:39Z,63.0
2023-02-25T07:52:44Z,62.0
2023-02-25T07:52:49Z,63.0
2023-02-25T07:52:54Z,67.0
2023-02-25T07:52:59Z,66.0
2023-02-25T07:53:04Z,68.0
2023-02-25T07:53:09Z,77.0
2023-02-25T07:53:14Z,71.0
2023-02-25T07:53:19Z,73.0
2023-02-25T07:53:24Z,69.0
2023-02-25T07:53:29Z,66.0
2023-02-25T07:53:39Z,65.0
2023-02-25T07:53:44Z,67.0
2023-02-25T07:53:49Z,66.0
2023-02-25T07:53:59Z,68.0
2023-02-25T07:54:14Z,68.0
2023-02-25T07:54:19Z,70.0
2023-02-25T07:54:24Z,75.0
2023-02-25T07:54:29Z,76.0
2023-02-25T07:54:34Z,73.0
2023-02-25T07:54:39Z,70.0
2023-02-25T07:54:44Z,69.0
2023-02-25T07:54:49Z,68.0
2023-02-25T07:54:54Z,66.0
2023-02-25T07:54:59Z,65.0
2023-02-25T07:55:14Z,65.0
2023-02-25T07:55:24Z,64.0
2023-02-25T07:55:29Z,65.0
2023-02-25T07:55:39Z,67.0
2023-02-25T07:55:44Z,66.0
2023-02-25T07:55:49Z,65.0
2023-02-25T07:56:04Z,66.0
2023-02-25T07:56:14Z,71.0
2023-02-25T07:56:24Z,70.0
2023-02-25T07:56:29Z,68.0
2023-02-25T07:56:34Z,66.0
2023-02-25T07:56:49Z,67.0
2023-02-25T07:56:59Z,68.0
2023-02-25T07:57:04Z,69.0
2023-02-25T07:57:09Z,68.0
2023-02-25T07:57:14Z,67.0
2023-02-25T07:57:19Z,68.0
2023-02-25T07:57:24Z,69.0
2023-02-25T07:57:29Z,68.0
2023-02-25T07:57:44Z,68.0
2023-02-25T07:57:59Z,68.0
2023-02-25T07:58:04Z,67.0
2023-02-25T07:58:14Z,68.0
2023-02-25T07:58:19Z,70.0
2023-02-25T07:58:24Z,69.0
2023-02-25T07:58:29Z,67.0
2023-02-25T07:58:34Z,68.0
2023-02-25T07:58:44Z,70.0
2023-02-25T07:58:49Z,71.0
2023-02-25T07:58:54Z,72.0
2023-02-25T07:58:59Z,74.0
2023-02-25T07:59:04Z,75.0
2023-02-25T07:59:09Z,73.0
2023-02-25T07:59:19Z,70.0
2023-02-25T07:59:34Z,70.0
2023-02-25T07:59:39Z,72.0
2023-02-25T07:59:44Z,71.0
2023-02-25T07:59:49Z,70.0
2023-02-25T07:59:54Z,73.0
2023-02-25T07:59:59Z,75.0
2023-02-25T08:00:04Z,76.0
2023-02-25T08:00:09Z,75.0
2023-02-25T08:00:14Z,77.0
2023-02-25T08:00:24Z,87.0
2023-02-25T08:00:29Z,92.0
2023-02-25T08:00:34Z,90.0
2023-02-25T08:00:39Z,89.0
2023-02-25T08:00:49Z,86.0
2023-02-25T08:00:54Z,84.0
2023-02-25T08:00:59Z,85.0
2023-02-25T08:01:09Z,86.0
2023-02-25T08:01:14Z,89.0
2023-02-25T08:01:24Z,88.0
2023-02-25T08:01:29Z,90.0
2023-02-25T08:01:34Z,91.0
2023-02-25T08:01:39Z,90.0
2023-02-25T08:01:44Z,88.0
2023-02-25T08:01:49Z,88.0
2023-02-25T08:01:54Z,90.0
2023-02-25T08:02:04Z,91.0
2023-02-25T08:02:09Z,90.0
2023-02-25T08:02:14Z,89.0
2023-02-25T08:02:19Z,88.0
2023-02-25T08:02:24Z,90.0
2023-02-25T08:02:29Z,92.0
2023-02-25T08:02:34Z,91.0
2023-02-25T08:02:44Z,89.0
2023-02-25T08:02:54Z,88.0
2023-02-25T08:02:59Z,90.0
2023-02-25T08:03:04Z,93.0
2023-02-25T08:03:14Z,92.0
2023-02-25T08:03:19Z,89.0
2023-02-25T08:03:24Z,86.0
2023-02-25T08:03:29Z,83.0
2023-02-25T08:03:44Z,82.0
2023-02-25T08:03:49Z,83.0
2023-02-25T08:03:54Z,85.0
2023-02-25T08:03:59Z,86.0
2023-02-25T08:04:04Z,84.0
2023-02-25T08:04:09Z,83.0
2023-02-25T08:04:19Z,84.0
2023-02-25T08:04:24Z,85.0
2023-02-25T08:04:29Z,86.0
2023-02-25T08:04:34Z,87.0
2023-02-25T08:04:39Z,87.0
2023-02-25T08:04:54Z,90.0
2023-02-25T08:04:59Z,91.0
2023-02-25T08:05:04Z,92.0
2023-02-25T08:05:09Z,95.0
2023-02-25T08:05:14Z,92.0
2023-02-25T08:05:19Z,91.0
2023-02-25T08:05:24Z,89.0
2023-02-25T08:05:29Z,92.0
2023-02-25T08:05:34Z,93.0
2023-02-25T08:05:44Z,95.0
2023-02-25T08:05:49Z,94.0
2023-02-25T08:05:54Z,93.0
2023-02-25T08:06:09Z,93.0
2023-02-25T08:06:14Z,94.0
2023-02-25T08:06:24Z,93.0
2023-02-25T08:06:39Z,92.0
2023-02-25T08:06:49Z,90.0
2023-02-25T08:06:59Z,88.0
2023-02-25T08:07:04Z,87.0
2023-02-25T08:07:09Z,88.0
2023-02-25T08:07:14Z,87.0
2023-02-25T08:07:24Z,88.0
2023-02-25T08:07:29Z,87.0
2023-02-25T08:07:39Z,85.0
2023-02-25T08:07:44Z,86.0
2023-02-25T08:07:49Z,85.0
2023-02-25T08:07:54Z,86.0
2023-02-25T08:07:59Z,87.0
2023-02-25T08:08:04Z,86.0
2023-02-25T08:08:09Z,85.0
2023-02-25T08:08:24Z,82.0
2023-02-25T08:08:29Z,80.0
2023-02-25T08:08:34Z,81.0
2023-02-25T08:08:39Z,80.0
2023-02-25T08:08:44Z,82.0
2023-02-25T08:08:49Z,81.0
2023-02-25T08:08:54Z,84.0
2023-02-25T08:08:59Z,81.0
2023-02-25T08:09:04Z,80.0
2023-02-25T08:09:09Z,81.0
2023-02-25T08:09:14Z,80.0
2023-02-25T08:09:19Z,75.0
2023-02-25T08:09:24Z,76.0
2023-02-25T08:09:29Z,78.0
2023-02-25T08:09:34Z,78.0
2023-02-25T08:09:39Z,79.0
2023-02-25T08:09:44Z,83.0
2023-02-25T08:09:54Z,81.0
2023-02-25T08:10:04Z,83.0
2023-02-25T08:10:09Z,81.0
2023-02-25T08:10:14Z,80.0
2023-02-25T08:10:19Z,84.0
2023-02-25T08:10:24Z,86.0
2023-02-25T08:10:29Z,89.0
2023-02-25T08:10:34Z,86.0
2023-02-25T08:10:39Z,82.0
2023-02-25T08:10:44Z,91.0
2023-02-25T08:10:49Z,91.0
2023-02-25T08:10:54Z,94.0
2023-02-25T08:10:59Z,95.0
2023-02-25T08:11:04Z,98.0
2023-02-25T08:11:09Z,94.0
2023-02-25T08:11:14Z,92.0
2023-02-25T08:11:19Z,93.0
2023-02-25T08:11:24Z,90.0
2023-02-25T08:11:29Z,91.0
2023-02-25T08:11:34Z,93.0
2023-02-25T08:11:39Z,94.0
2023-02-25T08:11:44Z,95.0
2023-02-25T08:11:49Z,98.0
2023-02-25T08:11:54Z,101.0
2023-02-25T08:11:59Z,103.0
2023-02-25T08:12:04Z,104.0
2023-02-25T08:12:09Z,106.0
2023-02-25T08:12:14Z,108.0
2023-02-25T08:12:19Z,109.0
2023-02-25T08:12:24Z,110.0
2023-02-25T08:12:29Z,107.0
2023-02-25T08:12:34Z,104.0
2023-02-25T08:12:39Z,100.0
2023-02-25T08:12:49Z,101.0
2023-02-25T08:12:54Z,100.0
2023-02-25T08:13:09Z,103.0
2023-02-25T08:13:19Z,104.0
2023-02-25T08:13:24Z,105.0
2023-02-25T08:13:34Z,109.0
2023-02-25T08:13:44Z,111.0
2023-02-25T08:13:49Z,112.0
2023-02-25T08:14:04Z,114.0
2023-02-25T08:14:09Z,115.0
2023-02-25T08:14:14Z,112.0
2023-02-25T08:14:19Z,113.0
2023-02-25T08:14:24Z,112.0
2023-02-25T08:14:29Z,114.0
2023-02-25T08:14:34Z,115.0
2023-02-25T08:14:39Z,116.0
2023-02-25T08:14:44Z,118.0
2023-02-25T08:14:54Z,117.0
2023-02-25T08:14:59Z,118.0
2023-02-25T08:15:04Z,121.0
2023-02-25T08:15:09Z,123.0
2023-02-25T08:15:19Z,126.0
2023-02-25T08:15:24Z,129.0
2023-02-25T08:15:29Z,131.0
2023-02-25T08:15:34Z,130.0
2023-02-25T08:15:44Z,132.0
2023-02-25T08:15:49Z,133.0
2023-02-25T08:15:54Z,131.0
2023-02-25T08:15:59Z,135.0
2023-02-25T08:16:04Z,138.0
2023-02-25T08:16:09Z,139.0
2023-02-25T08:16:14Z,144.0
2023-02-25T08:16:24Z,146.0
2023-02-25T08:16:39Z,147.0
2023-02-25T08:16:44Z,145.0
2023-02-25T08:16:49Z,146.0
2023-02-25T08:16:54Z,148.0
2023-02-25T08:16:59Z,149.0
2023-02-25T08:17:04Z,150.0
2023-02-25T08:17:09Z,145.0
2023-02-25T08:17:14Z,150.0
2023-02-25T08:17:19Z,151.0
2023-02-25T08:17:24Z,153.0
2023-02-25T08:17:29Z,152.0
2023-02-25T08:17:39Z,153.0
2023-02-25T08:17:44Z,150.0
2023-02-25T08:17:49Z,142.0
2023-02-25T08:17:59Z,138.0
2023-02-25T08:18:04Z,136.0
2023-02-25T08:18:09Z,133.0
2023-02-25T08:18:14Z,131.0
2023-02-25T08:18:24Z,130.0
2023-02-25T08:18:29Z,128.0
2023-02-25T08:18:34Z,126.0
2023-02-25T08:18:39Z,124.0
2023-02-25T08:18:44Z,122.0
2023-02-25T08:18:49Z,120.0
2023-02-25T08:19:04Z,119.0
2023-02-25T08:19:09Z,118.0
2023-02-25T08:19:14Z,116.0
2023-02-25T08:19:29Z,115.0
2023-02-25T08:19:34Z,114.0
2023-02-25T08:19:39Z,112.0
2023-02-25T08:19:44Z,107.0
2023-02-25T08:19:49Z,106.0
2023-02-25T08:19:54Z,107.0
2023-02-25T08:19:59Z,108.0
2023-02-25T08:20:04Z,107.0
2023-02-25T08:20:09Z,108.0
2023-02-25T08:20:14Z,111.0
2023-02-25T08:20:19Z,117.0
2023-02-25T08:20:24Z,122.0
2023-02-25T08:20:29Z,129.0
2023-02-25T08:20:39Z,130.0
2023-02-25T08:20:44Z,133.0
2023-02-25T08:20:49Z,131.0
2023-02-25T08:20:54Z,132.0
2023-02-25T08:20:59Z,123.0
2023-02-25T08:21:04Z,115.0
2023-02-25T08:21:09Z,105.0
2023-02-25T08:21:14Z,101.0
2023-02-25T08:21:19Z,102.0
2023-02-25T08:21:24Z,100.0
2023-02-25T08:21:29Z,99.0
2023-02-25T08:21:34Z,104.0
2023-02-25T08:21:39Z,107.0
2023-02-25T08:21:44Z,102.0
2023-02-25T08:21:54Z,106.0
2023-02-25T08:21:59Z,109.0
2023-02-25T08:22:04Z,115.0
2023-02-25T08:22:09Z,123.0
2023-02-25T08:22:14Z,135.0
2023-02-25T08:22:19Z,139.0
2023-02-25T08:22:24Z,143.0
2023-02-25T08:22:29Z,150.0
2023-02-25T08:22:39Z,149.0
2023-02-25T08:22:44Z,152.0
2023-02-25T08:22:49Z,149.0
2023-02-25T08:22:54Z,148.0
2023-02-25T08:22:59Z,147.0
2023-02-25T08:23:04Z,145.0
2023-02-25T08:23:09Z,149.0
2023-02-25T08:23:14Z,146.0
2023-02-25T08:23:19Z,145.0
2023-02-25T08:23:24Z,146.0
2023-02-25T08:23:29Z,144.0
2023-02-25T08:23:34Z,147.0
2023-02-25T08:23:44Z,149.0
2023-02-25T08:23:49Z,147.0
2023-02-25T08:23:54Z,144.0
2023-02-25T08:23:59Z,142.0
2023-02-25T08:24:04Z,139.0
2023-02-25T08:24:14Z,138.0
2023-02-25T08:24:19Z,132.0
2023-02-25T08:24:24Z,129.0
2023-02-25T08:24:29Z,127.0
2023-02-25T08:24:34Z,123.0
2023-02-25T08:24:39Z,120.0
2023-02-25T08:24:49Z,119.0
2023-02-25T08:24:54Z,120.0
2023-02-25T08:24:59Z,122.0
2023-02-25T08:25:04Z,123.0
2023-02-25T08:25:09Z,121.0
2023-02-25T08:25:14Z,120.0
2023-02-25T08:25:19Z,121.0
2023-02-25T08:25:24Z,122.0
2023-02-25T08:25:29Z,121.0
2023-02-25T08:25:34Z,120.0
2023-02-25T08:25:39Z,119.0
2023-02-25T08:25:44Z,120.0
2023-02-25T08:25:49Z,121.0
2023-02-25T08:25:54Z,119.0
2023-02-25T08:26:09Z,118.0
2023-02-25T08:26:14Z,120.0
2023-02-25T08:26:19Z,119.0
2023-02-25T08:26:24Z,118.0
2023-02-25T08:26:29Z,119.0
2023-02-25T08:26:34Z,117.0
2023-02-25T08:26:39Z,118.0
2023-02-25T08:26:44Z,119.0
2023-02-25T08:26:49Z,120.0
2023-02-25T08:26:54Z,119.0
2023-02-25T08:27:04Z,120.0
2023-02-25T08:27:09Z,119.0
2023-02-25T08:27:14Z,120.0
2023-02-25T08:27:29Z,120.0
2023-02-25T08:27:34Z,121.0
2023-02-25T08:27:39Z,122.0
2023-02-25T08:27:44Z,121.0
2023-02-25T08:27:59Z,122.0
2023-02-25T08:28:04Z,120.0
2023-02-25T08:28:09Z,118.0
2023-02-25T08:28:14Z,116.0
2023-02-25T08:28:19Z,114.0
2023-02-25T08:28:24Z,114.0
2023-02-25T08:28:29Z,112.0
2023-02-25T08:28:34Z,111.0
2023-02-25T08:28:39Z,108.0
2023-02-25T08:28:44Z,107.0
2023-02-25T08:28:49Z,105.0
2023-02-25T08:28:54Z,104.0
2023-02-25T08:29:09Z,104.0
2023-02-25T08:29:14Z,105.0
2023-02-25T08:29:19Z,108.0
2023-02-25T08:29:24Z,106.0
2023-02-25T08:29:29Z,103.0
2023-02-25T08:29:44Z,103.0
2023-02-25T08:29:49Z,101.0
2023-02-25T08:29:54Z,100.0
2023-02-25T08:29:59Z,99.0
2023-02-25T08:30:09Z,100.0
2023-02-25T08:30:14Z,101.0
2023-02-25T08:30:19Z,103.0
2023-02-25T08:30:24Z,105.0
2023-02-25T08:30:39Z,104.0
2023-02-25T08:30:44Z,103.0
2023-02-25T08:30:49Z,102.0
2023-02-25T08:30:59Z,103.0
2023-02-25T08:31:04Z,105.0
2023-02-25T08:31:09Z,108.0
2023-02-25T08:31:14Z,111.0
2023-02-25T08:31:19Z,106.0
2023-02-25T08:31:24Z,105.0
2023-02-25T08:31:29Z,106.0
2023-02-25T08:31:34Z,105.0
2023-02-25T08:31:39Z,104.0
2023-02-25T08:31:49Z,106.0
2023-02-25T08:31:54Z,103.0
2023-02-25T08:32:04Z,104.0
2023-02-25T08:32:19Z,104.0
2023-02-25T08:32:24Z,103.0
2023-02-25T08:32:39Z,102.0
2023-02-25T08:32:44Z,100.0
2023-02-25T08:32:49Z,101.0
2023-02-25T08:32:54Z,102.0
2023-02-25T08:32:59Z,103.0
2023-02-25T08:33:04Z,105.0
2023-02-25T08:33:09Z,103.0
2023-02-25T08:33:19Z,104.0
2023-02-25T08:33:29Z,103.0
2023-02-25T08:33:39Z,104.0
2023-02-25T08:33:44Z,105.0
2023-02-25T08:33:59Z,105.0
2023-02-25T08:34:09Z,104.0
2023-02-25T08:34:14Z,105.0
2023-02-25T08:34:19Z,106.0
2023-02-25T08:34:24Z,105.0
2023-02-25T08:34:29Z,109.0
2023-02-25T08:34:39Z,113.0
2023-02-25T08:34:44Z,112.0
2023-02-25T08:34:49Z,116.0
2023-02-25T08:34:59Z,115.0
2023-02-25T08:35:04Z,113.0
2023-02-25T08:35:09Z,112.0
2023-02-25T08:35:14Z,114.0
2023-02-25T08:35:19Z,115.0
2023-02-25T08:35:34Z,113.0
2023-02-25T08:35:39Z,111.0
2023-02-25T08:35:44Z,108.0
2023-02-25T08:35:49Z,109.0
2023-02-25T08:35:54Z,108.0
2023-02-25T08:35:59Z,106.0
2023-02-25T08:36:04Z,105.0
2023-02-25T08:36:09Z,103.0
2023-02-25T08:36:14Z,104.0
2023-02-25T08:36:19Z,107.0
2023-02-25T08:36:24Z,110.0
2023-02-25T08:36:29Z,112.0
2023-02-25T08:36:34Z,111.0
2023-02-25T08:36:44Z,110.0
2023-02-25T08:36:49Z,107.0
2023-02-25T08:36:54Z,109.0
2023-02-25T08:36:59Z,111.0
2023-02-25T08:37:04Z,112.0
2023-02-25T08:37:09Z,103.0
2023-02-25T08:37:14Z,105.0
2023-02-25T08:37:19Z,104.0
2023-02-25T08:37:24Z,107.0
2023-02-25T08:37:29Z,109.0
2023-02-25T08:37:34Z,111.0
2023-02-25T08:37:39Z,108.0
2023-02-25T08:37:44Z,110.0
2023-02-25T08:37:49Z,108.0
2023-02-25T08:37:54Z,107.0
2023-02-25T08:37:59Z,110.0
2023-02-25T08:38:04Z,109.0
2023-02-25T08:38:09Z,112.0
2023-02-25T08:38:14Z,113.0
2023-02-25T08:38:24Z,114.0
2023-02-25T08:38:29Z,111.0
2023-02-25T08:38:39Z,115.0
2023-02-25T08:38:44Z,114.0
2023-02-25T08:38:49Z,113.0
2023-02-25T08:38:54Z,110.0
2023-02-25T08:38:59Z,109.0
2023-02-25T08:39:04Z,108.0
2023-02-25T08:39:19Z,110.0
2023-02-25T08:39:24Z,112.0
2023-02-25T08:39:34Z,111.0
2023-02-25T08:39:44Z,110.0
2023-02-25T08:39:49Z,111.0
2023-02-25T08:39:54Z,109.0
2023-02-25T08:39:59Z,110.0
2023-02-25T08:40:04Z,113.0
2023-02-25T08:40:09Z,114.0
2023-02-25T08:40:14Z,115.0
2023-02-25T08:40:19Z,118.0
2023-02-25T08:40:24Z,119.0
2023-02-25T08:40:34Z,118.0
2023-02-25T08:40:44Z,119.0
2023-02-25T08:40:54Z,120.0
2023-02-25T08:40:59Z,117.0
2023-02-25T08:41:04Z,115.0
2023-02-25T08:41:14Z,114.0
2023-02-25T08:41:19Z,115.0
2023-02-25T08:41:24Z,114.0
2023-02-25T08:41:34Z,115.0
2023-02-25T08:41:39Z,117.0
2023-02-25T08:41:44Z,115.0
2023-02-25T08:41:59Z,112.0
2023-02-25T08:42:09Z,114.0
2023-02-25T08:42:14Z,115.0
2023-02-25T08:42:19Z,111.0
2023-02-25T08:42:29Z,110.0
2023-02-25T08:42:34Z,111.0
2023-02-25T08:42:49Z,111.0
2023-02-25T08:42:54Z,110.0
2023-02-25T08:43:04Z,108.0
2023-02-25T08:43:09Z,105.0
2023-02-25T08:43:19Z,103.0
2023-02-25T08:43:24Z,105.0
2023-02-25T08:43:29Z,107.0
2023-02-25T08:43:34Z,108.0
2023-02-25T08:43:39Z,107.0
2023-02-25T08:43:54Z,107.0
2023-02-25T08:43:59Z,108.0
2023-02-25T08:44:14Z,108.0
2023-02-25T08:44:19Z,109.0
2023-02-25T08:44:24Z,110.0
2023-02-25T08:44:29Z,109.0
2023-02-25T08:44:39Z,107.0
2023-02-25T08:44:44Z,108.0
2023-02-25T08:44:49Z,109.0
2023-02-25T08:44:54Z,107.0
2023-02-25T08:45:04Z,109.0
2023-02-25T08:45:14Z,107.0
2023-02-25T08:45:19Z,103.0
2023-02-25T08:45:24Z,104.0
2023-02-25T08:45:29Z,105.0
2023-02-25T08:45:44Z,106.0
2023-02-25T08:45:49Z,104.0
2023-02-25T08:46:04Z,106.0
2023-02-25T08:46:09Z,107.0
2023-02-25T08:46:14Z,106.0
2023-02-25T08:46:19Z,103.0
2023-02-25T08:46:24Z,104.0
2023-02-25T08:46:29Z,107.0
2023-02-25T08:46:34Z,110.0
2023-02-25T08:46:44Z,106.0
2023-02-25T08:46:49Z,102.0
2023-02-25T08:46:54Z,103.0
2023-02-25T08:46:59Z,104.0
2023-02-25T08:47:04Z,103.0
2023-02-25T08:47:09Z,104.0
2023-02-25T08:47:24Z,102.0
2023-02-25T08:47:29Z,101.0
2023-02-25T08:47:34Z,99.0
2023-02-25T08:47:39Z,100.0
2023-02-25T08:47:44Z,102.0
2023-02-25T08:47:59Z,102.0
2023-02-25T08:48:09Z,100.0
2023-02-25T08:48:19Z,101.0
2023-02-25T08:48:24Z,102.0
2023-02-25T08:48:39Z,102.0
2023-02-25T08:48:54Z,102.0
2023-02-25T08:48:59Z,100.0
2023-02-25T08:49:04Z,99.0
2023-02-25T08:49:14Z,101.0
2023-02-25T08:49:19Z,99.0
2023-02-25T08:49:24Z,101.0
2023-02-25T08:49:39Z,102.0
2023-02-25T08:49:44Z,103.0
2023-02-25T08:49:49Z,101.0
2023-02-25T08:49:54Z,100.0
2023-02-25T08:49:59Z,101.0
2023-02-25T08:50:04Z,102.0
2023-02-25T08:50:09Z,101.0
2023-02-25T08:50:14Z,102.0
2023-02-25T08:50:19Z,103.0
2023-02-25T08:50:24Z,102.0
2023-02-25T08:50:29Z,104.0
2023-02-25T08:50:34Z,103.0
2023-02-25T08:50:39Z,104.0
2023-02-25T08:50:44Z,105.0
2023-02-25T08:50:54Z,104.0
2023-02-25T08:50:59Z,105.0
2023-02-25T08:51:04Z,107.0
2023-02-25T08:51:09Z,110.0
2023-02-25T08:51:14Z,108.0
2023-02-25T08:51:19Z,107.0
2023-02-25T08:51:29Z,108.0
2023-02-25T08:51:39Z,109.0
2023-02-25T08:51:44Z,117.0
2023-02-25T08:51:49Z,120.0
2023-02-25T08:51:54Z,119.0
2023-02-25T08:52:04Z,122.0
2023-02-25T08:52:09Z,123.0
2023-02-25T08:52:19Z,122.0
2023-02-25T08:52:24Z,120.0
2023-02-25T08:52:29Z,119.0
2023-02-25T08:52:34Z,117.0
2023-02-25T08:52:49Z,115.0
2023-02-25T08:52:54Z,114.0
2023-02-25T08:52:59Z,113.0
2023-02-25T08:53:04Z,111.0
2023-02-25T08:53:09Z,112.0
2023-02-25T08:53:24Z,112.0
2023-02-25T08:53:29Z,109.0
2023-02-25T08:53:34Z,106.0
2023-02-25T08:53:39Z,104.0
2023-02-25T08:53:44Z,106.0
2023-02-25T08:53:54Z,104.0
2023-02-25T08:53:59Z,105.0
2023-02-25T08:54:04Z,107.0
2023-02-25T08:54:09Z,106.0
2023-02-25T08:54:14Z,103.0
2023-02-25T08:54:19Z,102.0
2023-02-25T08:54:29Z,101.0
2023-02-25T08:54:34Z,102.0
2023-02-25T08:54:39Z,101.0
2023-02-25T08:54:44Z,102.0
2023-02-25T08:54:49Z,107.0
2023-02-25T08:54:54Z,105.0
2023-02-25T08:54:59Z,104.0
2023-02-25T08:55:04Z,106.0
2023-02-25T08:55:09Z,105.0
2023-02-25T08:55:14Z,103.0
2023-02-25T08:55:24Z,105.0
2023-02-25T08:55:29Z,100.0
2023-02-25T08:55:34Z,100.0
2023-02-25T08:55:39Z,102.0
2023-02-25T08:55:44Z,106.0
2023-02-25T08:55:49Z,107.0
2023-02-25T08:55:54Z,108.0
2023-02-25T08:55:59Z,115.0
2023-02-25T08:56:04Z,114.0
2023-02-25T08:56:09Z,113.0
2023-02-25T08:56:14Z,111.0
2023-02-25T08:56:24Z,110.0
2023-02-25T08:56:29Z,112.0
2023-02-25T08:56:34Z,113.0
2023-02-25T08:56:39Z,112.0
2023-02-25T08:56:44Z,113.0
2023-02-25T08:56:59Z,111.0
2023-02-25T08:57:04Z,116.0
2023-02-25T08:57:09Z,118.0
2023-02-25T08:57:14Z,117.0
2023-02-25T08:57:24Z,122.0
2023-02-25T08:57:29Z,119.0
2023-02-25T08:57:34Z,117.0
2023-02-25T08:57:39Z,120.0
2023-02-25T08:57:44Z,125.0
2023-02-25T08:57:49Z,124.0
2023-02-25T08:57:54Z,125.0
2023-02-25T08:57:59Z,124.0
2023-02-25T08:58:09Z,123.0
2023-02-25T08:58:14Z,122.0
2023-02-25T08:58:19Z,119.0
2023-02-25T08:58:29Z,118.0
2023-02-25T08:58:39Z,116.0
2023-02-25T08:58:44Z,114.0
2023-02-25T08:58:54Z,113.0
2023-02-25T08:58:59Z,112.0
2023-02-25T08:59:04Z,111.0
2023-02-25T08:59:14Z,112.0
2023-02-25T08:59:29Z,114.0
2023-02-25T08:59:39Z,111.0
2023-02-25T08:59:44Z,110.0
2023-02-25T08:59:49Z,111.0
2023-02-25T08:59:59Z,109.0
2023-02-25T09:00:04Z,110.0
2023-02-25T09:00:14Z,108.0
2023-02-25T09:00:24Z,109.0
2023-02-25T09:00:29Z,108.0
2023-02-25T09:00:34Z,107.0
2023-02-25T09:00:39Z,108.0
2023-02-25T09:00:44Z,110.0
2023-02-25T09:00:49Z,108.0
2023-02-25T09:00:59Z,110.0
2023-02-25T09:01:09Z,111.0
2023-02-25T09:01:14Z,112.0
2023-02-25T09:01:19Z,113.0
2023-02-25T09:01:24Z,112.0
2023-02-25T09:01:29Z,113.0
2023-02-25T09:01:34Z,115.0
2023-02-25T09:01:49Z,113.0
2023-02-25T09:01:54Z,111.0
2023-02-25T09:01:59Z,109.0
2023-02-25T09:02:04Z,108.0
2023-02-25T09:02:09Z,107.0
2023-02-25T09:02:19Z,109.0
2023-02-25T09:02:24Z,111.0
2023-02-25T09:02:29Z,112.0
2023-02-25T09:02:34Z,110.0
2023-02-25T09:02:39Z,108.0
2023-02-25T09:02:44Z,109.0
2023-02-25T09:02:49Z,110.0
2023-02-25T09:02:54Z,109.0
2023-02-25T09:02:59Z,111.0
2023-02-25T09:03:09Z,112.0
2023-02-25T09:03:14Z,114.0
2023-02-25T09:03:29Z,115.0
2023-02-25T09:03:34Z,116.0
2023-02-25T09:03:39Z,117.0
2023-02-25T09:03:44Z,113.0
2023-02-25T09:03:49Z,112.0
2023-02-25T09:03:54Z,114.0
2023-02-25T09:04:09Z,116.0
2023-02-25T09:04:14Z,114.0
2023-02-25T09:04:19Z,117.0
2023-02-25T09:04:24Z,115.0
2023-02-25T09:04:34Z,114.0
2023-02-25T09:04:39Z,113.0
2023-02-25T09:04:44Z,114.0
2023-02-25T09:04:49Z,113.0
2023-02-25T09:04:54Z,112.0
2023-02-25T09:05:09Z,112.0
2023-02-25T09:05:14Z,115.0
2023-02-25T09:05:19Z,117.0
2023-02-25T09:05:24Z,115.0
2023-02-25T09:05:29Z,114.0
2023-02-25T09:05:39Z,112.0
2023-02-25T09:05:44Z,113.0
2023-02-25T09:05:54Z,112.0
2023-02-25T09:05:59Z,113.0
2023-02-25T09:06:04Z,115.0
2023-02-25T09:06:14Z,116.0
2023-02-25T09:06:24Z,118.0
2023-02-25T09:06:34Z,117.0
2023-02-25T09:06:39Z,116.0
2023-02-25T09:06:44Z,117.0
2023-02-25T09:06:49Z,119.0
2023-02-25T09:06:54Z,116.0
2023-02-25T09:07:09Z,115.0
2023-02-25T09:07:14Z,116.0
2023-02-25T09:07:19Z,118.0
2023-02-25T09:07:24Z,121.0
2023-02-25T09:07:29Z,115.0
2023-02-25T09:07:34Z,113.0
2023-02-25T09:07:39Z,114.0
2023-02-25T09:07:49Z,117.0
2023-02-25T09:07:54Z,118.0
2023-02-25T09:07:59Z,122.0
2023-02-25T09:08:04Z,115.0
2023-02-25T09:08:09Z,107.0
2023-02-25T09:08:14Z,108.0
2023-02-25T09:08:24Z,106.0
2023-02-25T09:08:29Z,104.0
2023-02-25T09:08:34Z,103.0
2023-02-25T09:08:49Z,102.0
2023-02-25T09:08:54Z,105.0
2023-02-25T09:09:04Z,103.0
2023-02-25T09:09:09Z,102.0
2023-02-25T09:09:14Z,101.0
2023-02-25T09:09:19Z,103.0
2023-02-25T09:09:24Z,104.0
2023-02-25T09:09:29Z,105.0
2023-02-25T09:09:34Z,107.0
2023-02-25T09:09:39Z,109.0
2023-02-25T09:09:44Z,108.0
2023-02-25T09:09:49Z,107.0
2023-02-25T09:09:54Z,102.0
2023-02-25T09:09:59Z,103.0
2023-02-25T09:10:09Z,104.0
2023-02-25T09:10:14Z,106.0
2023-02-25T09:10:19Z,107.0
2023-02-25T09:10:24Z,106.0
2023-02-25T09:10:29Z,105.0
2023-02-25T09:10:34Z,107.0
2023-02-25T09:10:49Z,103.0
2023-02-25T09:10:54Z,105.0
2023-02-25T09:10:59Z,106.0
2023-02-25T09:11:04Z,103.0
2023-02-25T09:11:19Z,103.0
2023-02-25T09:11:24Z,104.0
2023-02-25T09:11:29Z,106.0
2023-02-25T09:11:34Z,105.0
2023-02-25T09:11:39Z,106.0
2023-02-25T09:11:44Z,107.0
2023-02-25T09:11:49Z,108.0
2023-02-25T09:11:54Z,110.0
2023-02-25T09:11:59Z,112.0
2023-02-25T09:12:09Z,115.0
2023-02-25T09:12:14Z,114.0
2023-02-25T09:12:19Z,113.0
2023-02-25T09:12:24Z,112.0
2023-02-25T09:12:29Z,110.0
2023-02-25T09:12:39Z,108.0
2023-02-25T09:12:44Z,106.0
2023-02-25T09:12:49Z,105.0
2023-02-25T09:12:54Z,103.0
2023-02-25T09:12:59Z,103.0
2023-02-25T09:13:04Z,100.0
2023-02-25T09:13:14Z,102.0
2023-02-25T09:13:19Z,104.0
2023-02-25T09:13:24Z,109.0
2023-02-25T09:13:29Z,112.0
2023-02-25T09:13:34Z,114.0
2023-02-25T09:13:44Z,109.0
2023-02-25T09:13:49Z,107.0
2023-02-25T09:13:54Z,105.0
2023-02-25T09:13:59Z,104.0
2023-02-25T09:14:04Z,102.0
2023-02-25T09:14:09Z,101.0
2023-02-25T09:14:14Z,100.0
2023-02-25T09:14:19Z,101.0
2023-02-25T09:14:24Z,102.0
2023-02-25T09:14:29Z,103.0
2023-02-25T09:14:34Z,105.0
2023-02-25T09:14:39Z,106.0
2023-02-25T09:14:44Z,108.0
2023-02-25T09:14:59Z,110.0
2023-02-25T09:15:04Z,111.0
2023-02-25T09:15:09Z,107.0
2023-02-25T09:15:14Z,106.0
2023-02-25T09:15:29Z,103.0
2023-02-25T09:15:39Z,102.0
2023-02-25T09:15:49Z,103.0
2023-02-25T09:15:54Z,102.0
2023-02-25T09:16:09Z,104.0
2023-02-25T09:16:14Z,103.0
2023-02-25T09:16:19Z,104.0
2023-02-25T09:16:29Z,99.0
2023-02-25T09:16:34Z,98.0
2023-02-25T09:16:44Z,99.0
2023-02-25T09:16:49Z,95.0
2023-02-25T09:16:54Z,96.0
2023-02-25T09:16:59Z,100.0
2023-02-25T09:17:04Z,102.0
2023-02-25T09:17:09Z,103.0
2023-02-25T09:17:14Z,102.0
2023-02-25T09:17:24Z,100.0
2023-02-25T09:17:29Z,101.0
2023-02-25T09:17:34Z,102.0
2023-02-25T09:17:49Z,95.0
2023-02-25T09:17:54Z,96.0
2023-02-25T09:18:04Z,98.0
2023-02-25T09:18:14Z,97.0
2023-02-25T09:18:19Z,99.0
2023-02-25T09:18:24Z,98.0
2023-02-25T09:18:29Z,97.0
2023-02-25T09:18:34Z,98.0
2023-02-25T09:18:44Z,100.0
2023-02-25T09:18:49Z,101.0
2023-02-25T09:18:59Z,102.0
2023-02-25T09:19:04Z,100.0
2023-02-25T09:19:14Z,99.0
2023-02-25T09:19:24Z,98.0
2023-02-25T09:19:39Z,97.0
2023-02-25T09:19:49Z,95.0
2023-02-25T09:19:54Z,97.0
2023-02-25T09:19:59Z,98.0
2023-02-25T09:20:04Z,99.0
2023-02-25T09:20:09Z,97.0
2023-02-25T09:20:14Z,98.0
2023-02-25T09:20:24Z,99.0
2023-02-25T09:20:29Z,102.0
2023-02-25T09:20:34Z,106.0
2023-02-25T09:20:39Z,110.0
2023-02-25T09:20:44Z,115.0
2023-02-25T09:20:49Z,117.0
2023-02-25T09:20:54Z,118.0
2023-02-25T09:20:59Z,120.0
2023-02-25T09:21:04Z,119.0
2023-02-25T09:21:14Z,117.0
2023-02-25T09:21:19Z,113.0
2023-02-25T09:21:24Z,109.0
2023-02-25T09:21:39Z,109.0
2023-02-25T09:21:44Z,106.0
2023-02-25T09:21:49Z,104.0
2023-02-25T09:21:54Z,103.0
2023-02-25T09:21:59Z,105.0
2023-02-25T09:22:04Z,97.0
2023-02-25T09:22:09Z,94.0
2023-02-25T09:22:14Z,95.0
2023-02-25T09:22:19Z,94.0
2023-02-25T09:22:24Z,92.0
2023-02-25T09:22:34Z,93.0
2023-02-25T09:22:44Z,94.0
2023-02-25T09:22:49Z,95.0
2023-02-25T09:22:54Z,97.0
2023-02-25T09:22:59Z,98.0
2023-02-25T09:23:04Z,97.0
2023-02-25T09:23:14Z,98.0
2023-02-25T09:23:19Z,97.0
2023-02-25T09:23:24Z,96.0
2023-02-25T09:23:29Z,93.0
2023-02-25T09:23:34Z,95.0
2023-02-25T09:23:39Z,94.0
2023-02-25T09:23:44Z,95.0
2023-02-25T09:23:54Z,96.0
2023-02-25T09:23:59Z,94.0
2023-02-25T09:24:04Z,95.0
2023-02-25T09:24:09Z,100.0
2023-02-25T09:24:19Z,96.0
2023-02-25T09:24:24Z,94.0
2023-02-25T09:24:34Z,93.0
2023-02-25T09:24:39Z,97.0
2023-02-25T09:24:44Z,98.0
2023-02-25T09:24:49Z,100.0
2023-02-25T09:24:54Z,101.0
2023-02-25T09:25:04Z,99.0
2023-02-25T09:25:09Z,100.0
2023-02-25T09:25:14Z,105.0
2023-02-25T09:25:19Z,107.0
2023-02-25T09:25:29Z,108.0
2023-02-25T09:25:34Z,110.0
2023-02-25T09:25:39Z,111.0
2023-02-25T09:25:44Z,113.0
2023-02-25T09:25:49Z,111.0
2023-02-25T09:25:54Z,108.0
2023-02-25T09:25:59Z,111.0
2023-02-25T09:26:04Z,116.0
2023-02-25T09:26:09Z,119.0
2023-02-25T09:26:14Z,122.0
2023-02-25T09:26:19Z,123.0
2023-02-25T09:26:24Z,121.0
2023-02-25T09:26:29Z,120.0
2023-02-25T09:26:34Z,119.0
2023-02-25T09:26:44Z,122.0
2023-02-25T09:26:49Z,116.0
2023-02-25T09:26:54Z,105.0
2023-02-25T09:26:59Z,102.0
2023-02-25T09:27:04Z,104.0
2023-02-25T09:27:09Z,108.0
2023-02-25T09:27:14Z,107.0
2023-02-25T09:27:19Z,102.0
2023-02-25T09:27:24Z,101.0
2023-02-25T09:27:29Z,107.0
2023-02-25T09:27:34Z,114.0
2023-02-25T09:27:39Z,104.0
2023-02-25T09:27:44Z,102.0
2023-02-25T09:27:49Z,105.0
2023-02-25T09:27:54Z,109.0
2023-02-25T09:27:59Z,110.0
2023-02-25T09:28:04Z,111.0
2023-02-25T09:28:09Z,115.0
2023-02-25T09:28:14Z,112.0
2023-02-25T09:28:19Z,104.0
2023-02-25T09:28:24Z,107.0
2023-02-25T09:28:29Z,104.0
2023-02-25T09:28:34Z,91.0
2023-02-25T09:28:39Z,93.0
2023-02-25T09:28:44Z,102.0
2023-02-25T09:28:49Z,110.0
2023-02-25T09:28:54Z,105.0
2023-02-25T09:28:59Z,104.0
2023-02-25T09:29:04Z,103.0
2023-02-25T09:29:09Z,103.0
2023-02-25T09:29:14Z,102.0
2023-02-25T09:29:19Z,104.0
2023-02-25T09:29:24Z,104.0
2023-02-25T09:29:29Z,102.0
2023-02-25T09:29:34Z,99.0
2023-02-25T09:29:39Z,97.0
2023-02-25T09:29:44Z,96.0
2023-02-25T09:29:54Z,94.0
2023-02-25T09:30:04Z,98.0
2023-02-25T09:30:09Z,99.0
2023-02-25T09:30:14Z,97.0
2023-02-25T09:30:19Z,96.0
2023-02-25T09:30:24Z,98.0
2023-02-25T09:30:29Z,96.0
2023-02-25T09:30:34Z,93.0
2023-02-25T09:30:39Z,91.0
2023-02-25T09:30:44Z,92.0
2023-02-25T09:30:49Z,94.0
2023-02-25T09:30:54Z,95.0
2023-02-25T09:30:59Z,93.0
2023-02-25T09:31:09Z,92.0
2023-02-25T09:31:19Z,94.0
2023-02-25T09:31:24Z,95.0
2023-02-25T09:31:29Z,94.0
2023-02-25T09:31:34Z,93.0
2023-02-25T09:31:39Z,92.0
2023-02-25T09:31:44Z,93.0
2023-02-25T09:31:59Z,94.0
2023-02-25T09:32:14Z,93.0
2023-02-25T09:32:19Z,94.0
2023-02-25T09:32:24Z,95.0
2023-02-25T09:32:29Z,96.0
2023-02-25T09:32:34Z,97.0
2023-02-25T09:32:49Z,96.0
2023-02-25T09:32:54Z,93.0
2023-02-25T09:32:59Z,94.0
2023-02-25T09:33:04Z,96.0
2023-02-25T09:33:09Z,98.0
2023-02-25T09:33:14Z,100.0
2023-02-25T09:33:19Z,99.0
2023-02-25T09:33:24Z,100.0
2023-02-25T09:33:34Z,99.0
2023-02-25T09:33:39Z,98.0
2023-02-25T09:33:44Z,99.0
2023-02-25T09:33:49Z,100.0
2023-02-25T09:33:59Z,102.0
2023-02-25T09:34:09Z,103.0
2023-02-25T09:34:19Z,102.0
2023-02-25T09:48:52Z,102.0
2023-02-25T09:48:57Z,101.0
2023-02-25T09:49:02Z,102.0
2023-02-25T09:49:07Z,101.0
2023-02-25T09:49:12Z,102.0
2023-02-25T09:49:22Z,101.0
2023-02-25T09:49:27Z,100.0
2023-02-25T09:49:32Z,99.0
2023-02-25T09:49:37Z,100.0
2023-02-25T09:49:47Z,97.0
2023-02-25T09:49:57Z,96.0
2023-02-25T09:50:02Z,94.0
2023-02-25T09:50:07Z,90.0
2023-02-25T09:50:12Z,88.0
2023-02-25T09:50:22Z,89.0
2023-02-25T09:50:27Z,90.0
2023-02-25T09:50:32Z,92.0
2023-02-25T09:50:37Z,93.0
2023-02-25T09:50:47Z,89.0
2023-02-25T09:50:52Z,91.0
2023-02-25T09:50:57Z,90.0
2023-02-25T09:51:02Z,92.0
2023-02-25T09:51:12Z,93.0
2023-02-25T09:51:17Z,94.0
2023-02-25T09:51:27Z,91.0
2023-02-25T09:51:32Z,87.0
2023-02-25T09:51:37Z,88.0
2023-02-25T09:51:42Z,88.0
2023-02-25T09:51:52Z,87.0
2023-02-25T09:52:02Z,86.0
2023-02-25T09:52:07Z,88.0
2023-02-25T09:52:12Z,94.0
2023-02-25T09:52:17Z,96.0
2023-02-25T09:52:27Z,93.0
2023-02-25T09:52:32Z,92.0
2023-02-25T09:52:37Z,91.0
2023-02-25T09:52:42Z,90.0
2023-02-25T09:52:47Z,91.0
2023-02-25T09:52:57Z,93.0
2023-02-25T09:53:02Z,95.0
2023-02-25T09:53:07Z,93.0
2023-02-25T09:53:12Z,90.0
2023-02-25T09:53:17Z,88.0
2023-02-25T09:53:22Z,91.0
2023-02-25T09:53:27Z,90.0
2023-02-25T09:53:32Z,91.0
2023-02-25T09:53:37Z,94.0
2023-02-25T09:53:42Z,95.0
2023-02-25T09:53:47Z,93.0
2023-02-25T09:53:57Z,94.0
2023-02-25T09:54:02Z,95.0
2023-02-25T09:54:07Z,94.0
2023-02-25T09:54:17Z,96.0
2023-02-25T09:54:27Z,97.0
2023-02-25T09:54:32Z,97.0
2023-02-25T09:54:37Z,94.0
2023-02-25T09:54:42Z,93.0
2023-02-25T09:54:47Z,94.0
2023-02-25T09:54:57Z,91.0
2023-02-25T09:55:02Z,90.0
2023-02-25T09:55:07Z,89.0
2023-02-25T09:55:12Z,90.0
2023-02-25T09:55:27Z,89.0
2023-02-25T09:55:42Z,88.0
2023-02-25T09:55:47Z,89.0
2023-02-25T09:55:52Z,88.0
2023-02-25T09:56:07Z,88.0
2023-02-25T09:56:17Z,90.0
2023-02-25T09:56:22Z,87.0
2023-02-25T09:56:27Z,85.0
2023-02-25T09:56:32Z,86.0
2023-02-25T09:56:37Z,87.0
2023-02-25T09:56:42Z,88.0
2023-02-25T09:56:57Z,88.0
2023-02-25T09:57:02Z,90.0
2023-02-25T09:57:07Z,88.0
2023-02-25T09:57:12Z,89.0
2023-02-25T09:57:17Z,91.0
2023-02-25T09:57:22Z,89.0
2023-02-25T09:57:37Z,91.0
2023-02-25T09:57:42Z,92.0
2023-02-25T09:57:47Z,93.0
2023-02-25T09:57:57Z,92.0
2023-02-25T09:58:07Z,97.0
2023-02-25T09:58:12Z,94.0
2023-02-25T09:58:17Z,92.0
2023-02-25T09:58:22Z,93.0
2023-02-25T09:58:27Z,92.0
2023-02-25T09:58:32Z,93.0
2023-02-25T09:58:42Z,91.0
2023-02-25T09:58:47Z,89.0
2023-02-25T09:59:02Z,89.0
2023-02-25T09:59:07Z,88.0
2023-02-25T09:59:12Z,89.0
2023-02-25T09:59:22Z,88.0
2023-02-25T09:59:27Z,87.0
2023-02-25T09:59:32Z,88.0
2023-02-25T09:59:37Z,87.0
2023-02-25T09:59:42Z,89.0
2023-02-25T09:59:47Z,91.0
2023-02-25T09:59:52Z,93.0
2023-02-25T10:00:02Z,92.0
2023-02-25T10:00:07Z,90.0
2023-02-25T10:00:12Z,91.0
2023-02-25T10:00:17Z,92.0
2023-02-25T10:00:22Z,91.0
2023-02-25T10:00:27Z,92.0
2023-02-25T10:00:32Z,94.0
2023-02-25T10:00:37Z,96.0
2023-02-25T10:00:47Z,97.0
2023-02-25T10:00:52Z,96.0
2023-02-25T10:01:07Z,98.0
2023-02-25T10:01:17Z,99.0
2023-02-25T10:01:22Z,94.0
2023-02-25T10:01:27Z,95.0
2023-02-25T10:01:32Z,94.0
2023-02-25T10:01:47Z,95.0
2023-02-25T10:01:52Z,91.0
2023-02-25T10:01:57Z,92.0
2023-02-25T10:02:02Z,93.0
2023-02-25T10:02:07Z,94.0
2023-02-25T10:02:12Z,97.0
2023-02-25T10:02:17Z,96.0
2023-02-25T10:02:27Z,94.0
2023-02-25T10:02:37Z,93.0
2023-02-25T10:02:42Z,95.0
2023-02-25T10:02:47Z,99.0
2023-02-25T10:02:52Z,105.0
2023-02-25T10:02:57Z,99.0
2023-02-25T10:03:02Z,96.0
2023-02-25T10:03:12Z,97.0
2023-02-25T10:03:22Z,96.0
2023-02-25T10:03:27Z,93.0
2023-02-25T10:03:32Z,92.0
2023-02-25T10:03:37Z,91.0
2023-02-25T10:03:42Z,92.0
2023-02-25T10:03:47Z,94.0
2023-02-25T10:03:57Z,90.0
2023-02-25T10:04:02Z,89.0
2023-02-25T10:04:07Z,91.0
2023-02-25T10:04:12Z,92.0
2023-02-25T10:04:17Z,93.0
2023-02-25T10:04:22Z,92.0
2023-02-25T10:04:37Z,86.0
2023-02-25T10:04:42Z,85.0
2023-02-25T10:04:47Z,88.0
2023-02-25T10:04:57Z,87.0
2023-02-25T10:05:02Z,88.0
2023-02-25T10:05:17Z,89.0
2023-02-25T10:05:27Z,90.0
2023-02-25T10:05:32Z,91.0
2023-02-25T10:05:37Z,92.0
2023-02-25T10:05:42Z,94.0
2023-02-25T10:05:47Z,93.0
2023-02-25T10:05:52Z,92.0
2023-02-25T10:05:57Z,94.0
2023-02-25T10:06:02Z,96.0
2023-02-25T10:06:07Z,94.0
2023-02-25T10:06:12Z,95.0
2023-02-25T10:06:22Z,94.0
2023-02-25T10:06:27Z,96.0
2023-02-25T10:06:37Z,101.0
2023-02-25T10:06:42Z,98.0
2023-02-25T10:06:52Z,100.0
2023-02-25T10:07:02Z,99.0
2023-02-25T10:07:07Z,100.0
2023-02-25T10:07:12Z,98.0
2023-02-25T10:07:17Z,97.0
2023-02-25T10:07:22Z,91.0
2023-02-25T10:07:27Z,92.0
2023-02-25T10:07:32Z,95.0
2023-02-25T10:07:42Z,96.0
2023-02-25T10:07:52Z,97.0
2023-02-25T10:07:57Z,95.0
2023-02-25T10:08:02Z,94.0
2023-02-25T10:08:12Z,95.0
2023-02-25T10:08:17Z,96.0
2023-02-25T10:08:22Z,95.0
2023-02-25T10:08:27Z,93.0
2023-02-25T10:08:32Z,92.0
2023-02-25T10:08:37Z,91.0
2023-02-25T10:08:42Z,92.0
2023-02-25T10:08:47Z,93.0
2023-02-25T10:08:52Z,92.0
2023-02-25T10:09:02Z,93.0
2023-02-25T10:09:07Z,92.0
2023-02-25T10:09:12Z,91.0
2023-02-25T10:09:27Z,91.0
2023-02-25T10:09:37Z,93.0
2023-02-25T10:09:42Z,92.0
2023-02-25T10:09:47Z,93.0
2023-02-25T10:09:57Z,91.0
2023-02-25T10:10:02Z,89.0
2023-02-25T10:10:07Z,91.0
2023-02-25T10:10:12Z,94.0
2023-02-25T10:10:17Z,92.0
2023-02-25T10:10:22Z,91.0
2023-02-25T10:10:27Z,88.0
2023-02-25T10:10:37Z,86.0
2023-02-25T10:10:42Z,87.0
2023-02-25T10:10:47Z,89.0
2023-02-25T10:10:52Z,90.0
2023-02-25T10:10:57Z,91.0
2023-02-25T10:11:02Z,92.0
2023-02-25T10:11:07Z,93.0
2023-02-25T10:11:12Z,91.0
2023-02-25T10:11:17Z,93.0
2023-02-25T10:11:27Z,91.0
2023-02-25T10:11:32Z,92.0
2023-02-25T10:11:37Z,95.0
2023-02-25T10:11:42Z,97.0
2023-02-25T10:11:47Z,96.0
2023-02-25T10:11:52Z,95.0
2023-02-25T10:11:57Z,89.0
2023-02-25T10:12:02Z,88.0
2023-02-25T10:12:07Z,90.0
2023-02-25T10:12:12Z,91.0
2023-02-25T10:12:22Z,92.0
2023-02-25T10:12:27Z,91.0
2023-02-25T10:12:32Z,90.0
2023-02-25T10:12:37Z,89.0
2023-02-25T10:12:42Z,88.0
2023-02-25T10:12:57Z,87.0
2023-02-25T10:13:02Z,88.0
2023-02-25T10:13:12Z,93.0
2023-02-25T10:13:17Z,96.0
2023-02-25T10:13:27Z,93.0
2023-02-25T10:13:37Z,92.0
2023-02-25T10:13:42Z,96.0
2023-02-25T10:13:47Z,98.0
2023-02-25T10:13:52Z,97.0
2023-02-25T10:14:02Z,98.0
2023-02-25T10:14:12Z,96.0
2023-02-25T10:14:22Z,97.0
2023-02-25T10:14:27Z,96.0
2023-02-25T10:14:32Z,97.0
2023-02-25T10:14:42Z,103.0
2023-02-25T10:14:47Z,99.0
2023-02-25T10:14:52Z,97.0
2023-02-25T10:14:57Z,102.0
2023-02-25T10:15:02Z,98.0
2023-02-25T10:15:07Z,97.0
2023-02-25T10:15:12Z,96.0
2023-02-25T10:15:17Z,97.0
2023-02-25T10:15:22Z,96.0
2023-02-25T10:15:27Z,95.0
2023-02-25T10:15:32Z,96.0
2023-02-25T10:15:37Z,98.0
2023-02-25T10:15:42Z,100.0
2023-02-25T10:15:47Z,99.0
2023-02-25T10:15:57Z,100.0
2023-02-25T10:16:02Z,99.0
2023-02-25T10:16:07Z,100.0
2023-02-25T10:16:17Z,98.0
2023-02-25T10:16:32Z,97.0
2023-02-25T10:16:37Z,98.0
2023-02-25T10:16:42Z,103.0
2023-02-25T10:16:47Z,106.0
2023-02-25T10:16:52Z,104.0
2023-02-25T10:16:57Z,101.0
2023-02-25T10:17:02Z,98.0
2023-02-25T10:17:07Z,93.0
2023-02-25T10:17:12Z,96.0
2023-02-25T10:17:22Z,95.0
2023-02-25T10:17:32Z,94.0
2023-02-25T10:17:37Z,93.0
2023-02-25T10:17:42Z,97.0
2023-02-25T10:17:47Z,98.0
2023-02-25T10:17:52Z,97.0
2023-02-25T10:17:57Z,96.0
2023-02-25T10:18:02Z,97.0
2023-02-25T10:18:07Z,99.0
2023-02-25T10:18:12Z,101.0
2023-02-25T10:18:17Z,102.0
2023-02-25T10:18:22Z,103.0
2023-02-25T10:18:27Z,100.0
2023-02-25T10:18:42Z,104.0
2023-02-25T10:18:47Z,107.0
2023-02-25T10:18:52Z,114.0
2023-02-25T10:18:57Z,115.0
2023-02-25T10:19:02Z,113.0
2023-02-25T10:19:07Z,112.0
2023-02-25T10:19:12Z,111.0
2023-02-25T10:19:17Z,110.0
2023-02-25T10:19:22Z,109.0
2023-02-25T10:19:27Z,108.0
2023-02-25T10:19:32Z,109.0
2023-02-25T10:19:37Z,110.0
2023-02-25T10:19:42Z,108.0
2023-02-25T10:19:47Z,106.0
2023-02-25T10:19:52Z,107.0
2023-02-25T10:19:57Z,110.0
2023-02-25T10:20:02Z,117.0
2023-02-25T10:20:07Z,111.0
2023-02-25T10:20:12Z,106.0
2023-02-25T10:20:17Z,105.0
2023-02-25T10:20:22Z,105.0
2023-02-25T10:20:27Z,107.0
2023-02-25T10:20:37Z,113.0
2023-02-25T10:20:42Z,110.0
2023-02-25T10:20:47Z,112.0
2023-02-25T10:20:52Z,109.0
2023-02-25T10:20:57Z,106.0
2023-02-25T10:21:02Z,103.0
2023-02-25T10:21:07Z,103.0
2023-02-25T10:21:17Z,102.0
2023-02-25T10:21:27Z,103.0
2023-02-25T10:21:32Z,102.0
2023-02-25T10:21:37Z,103.0
2023-02-25T10:21:47Z,96.0
2023-02-25T10:21:52Z,98.0
2023-02-25T10:21:57Z,101.0
2023-02-25T10:22:02Z,98.0
2023-02-25T10:22:07Z,96.0
2023-02-25T10:22:12Z,94.0
2023-02-25T10:22:17Z,93.0
2023-02-25T10:22:22Z,92.0
2023-02-25T10:22:37Z,93.0
2023-02-25T10:22:42Z,89.0
2023-02-25T10:22:52Z,93.0
2023-02-25T10:22:57Z,90.0
2023-02-25T10:23:02Z,93.0
2023-02-25T10:23:07Z,95.0
2023-02-25T10:23:12Z,97.0
2023-02-25T10:23:17Z,97.0
2023-02-25T10:23:22Z,99.0
2023-02-25T10:23:27Z,100.0
2023-02-25T10:23:32Z,104.0
2023-02-25T10:23:37Z,105.0
2023-02-25T10:23:42Z,102.0
2023-02-25T10:23:47Z,101.0
2023-02-25T10:23:52Z,100.0
2023-02-25T10:23:57Z,102.0
2023-02-25T10:24:02Z,101.0
2023-02-25T10:24:07Z,103.0
2023-02-25T10:24:12Z,104.0
2023-02-25T10:24:17Z,103.0
2023-02-25T10:24:22Z,104.0
2023-02-25T10:24:27Z,100.0
2023-02-25T10:24:32Z,95.0
2023-02-25T10:24:37Z,98.0
2023-02-25T10:24:52Z,96.0
2023-02-25T10:24:57Z,94.0
2023-02-25T10:25:02Z,92.0
2023-02-25T10:25:07Z,93.0
2023-02-25T10:25:12Z,96.0
2023-02-25T10:25:17Z,97.0
2023-02-25T10:25:27Z,98.0
2023-02-25T10:25:32Z,97.0
2023-02-25T10:25:37Z,93.0
2023-02-25T10:25:42Z,90.0
2023-02-25T10:25:47Z,95.0
2023-02-25T10:25:52Z,93.0
2023-02-25T10:26:02Z,94.0
2023-02-25T10:26:07Z,96.0
2023-02-25T10:26:17Z,95.0
2023-02-25T10:26:22Z,94.0
2023-02-25T10:26:27Z,95.0
2023-02-25T10:26:37Z,96.0
2023-02-25T10:26:47Z,93.0
2023-02-25T10:26:52Z,91.0
2023-02-25T10:26:57Z,92.0
2023-02-25T10:27:02Z,93.0
2023-02-25T10:27:12Z,94.0
2023-02-25T10:27:17Z,95.0
2023-02-25T10:27:22Z,96.0
2023-02-25T10:27:27Z,98.0
2023-02-25T10:27:32Z,100.0
2023-02-25T10:27:37Z,101.0
2023-02-25T10:27:42Z,102.0
2023-02-25T10:27:52Z,98.0
2023-02-25T10:27:57Z,96.0
2023-02-25T10:28:07Z,98.0
2023-02-25T10:28:12Z,101.0
2023-02-25T10:28:17Z,104.0
2023-02-25T10:28:22Z,102.0
2023-02-25T10:28:27Z,100.0
2023-02-25T10:28:32Z,102.0
2023-02-25T10:28:37Z,103.0
2023-02-25T10:28:42Z,102.0
2023-02-25T10:28:57Z,99.0
2023-02-25T10:29:02Z,97.0
2023-02-25T10:29:17Z,98.0
2023-02-25T10:29:22Z,95.0
2023-02-25T10:29:27Z,96.0
2023-02-25T10:29:32Z,99.0
2023-02-25T10:29:37Z,100.0
2023-02-25T10:29:42Z,99.0
2023-02-25T10:29:47Z,96.0
2023-02-25T10:29:52Z,93.0
2023-02-25T10:29:57Z,95.0
2023-02-25T10:30:02Z,96.0
2023-02-25T10:30:07Z,98.0
2023-02-25T10:30:17Z,97.0
2023-02-25T10:30:22Z,98.0
2023-02-25T10:30:27Z,100.0
2023-02-25T10:30:32Z,101.0
2023-02-25T10:30:37Z,100.0
2023-02-25T10:30:47Z,97.0
2023-02-25T10:30:57Z,98.0
2023-02-25T10:31:02Z,95.0
2023-02-25T10:31:07Z,89.0
2023-02-25T10:31:12Z,88.0
2023-02-25T10:31:22Z,85.0
2023-02-25T10:31:37Z,86.0
2023-02-25T10:31:42Z,89.0
2023-02-25T10:31:47Z,90.0
2023-02-25T10:31:52Z,89.0
2023-02-25T10:31:57Z,88.0
2023-02-25T10:32:02Z,90.0
2023-02-25T10:32:07Z,91.0
2023-02-25T10:32:12Z,92.0
2023-02-25T10:32:17Z,93.0
2023-02-25T10:32:22Z,96.0
2023-02-25T10:32:27Z,98.0
2023-02-25T10:32:32Z,97.0
2023-02-25T10:32:37Z,94.0
2023-02-25T10:32:42Z,93.0
2023-02-25T10:32:52Z,95.0
2023-02-25T10:32:57Z,96.0
2023-02-25T10:33:02Z,99.0
2023-02-25T10:33:07Z,97.0
2023-02-25T10:33:12Z,95.0
2023-02-25T10:33:27Z,97.0
2023-02-25T10:33:42Z,98.0
2023-02-25T10:33:47Z,99.0
2023-02-25T10:33:52Z,101.0
2023-02-25T10:33:57Z,103.0
2023-02-25T10:34:02Z,99.0
2023-02-25T10:34:07Z,105.0
2023-02-25T10:34:12Z,106.0
2023-02-25T10:34:17Z,109.0
2023-02-25T10:34:22Z,109.0
2023-02-25T10:34:27Z,110.0
2023-02-25T10:34:32Z,107.0
2023-02-25T10:34:37Z,105.0
2023-02-25T10:34:42Z,108.0
2023-02-25T10:34:47Z,111.0
2023-02-25T10:34:52Z,109.0
2023-02-25T10:34:57Z,107.0
2023-02-25T10:35:02Z,105.0
2023-02-25T10:35:07Z,104.0
2023-02-25T10:35:12Z,103.0
2023-02-25T10:35:17Z,101.0
2023-02-25T10:35:22Z,100.0
2023-02-25T10:35:27Z,99.0
2023-02-25T10:35:37Z,93.0
2023-02-25T10:35:47Z,91.0
2023-02-25T10:35:57Z,93.0
2023-02-25T10:36:02Z,94.0
2023-02-25T10:36:07Z,95.0
2023-02-25T10:36:12Z,91.0
2023-02-25T10:36:17Z,93.0
2023-02-25T10:36:22Z,94.0
2023-02-25T10:36:32Z,97.0
2023-02-25T10:36:37Z,96.0
2023-02-25T10:36:42Z,91.0
2023-02-25T10:36:52Z,92.0
2023-02-25T10:36:57Z,95.0
2023-02-25T10:37:02Z,90.0
2023-02-25T10:37:17Z,91.0
2023-02-25T10:37:27Z,90.0
2023-02-25T10:37:32Z,91.0
2023-02-25T10:37:37Z,89.0
2023-02-25T10:37:42Z,92.0
2023-02-25T10:37:57Z,94.0
2023-02-25T10:38:02Z,96.0
2023-02-25T10:38:07Z,98.0
2023-02-25T10:38:12Z,99.0
2023-02-25T10:38:17Z,102.0
2023-02-25T10:38:22Z,101.0
2023-02-25T10:38:27Z,97.0
2023-02-25T10:38:32Z,96.0
2023-02-25T10:38:37Z,97.0
2023-02-25T10:38:47Z,94.0
2023-02-25T10:38:52Z,93.0
2023-02-25T10:38:57Z,91.0
2023-02-25T10:39:07Z,90.0
2023-02-25T10:39:12Z,93.0
2023-02-25T10:39:17Z,88.0
2023-02-25T10:39:22Z,89.0
2023-02-25T10:39:27Z,94.0
2023-02-25T10:39:32Z,93.0
2023-02-25T10:39:37Z,94.0
2023-02-25T10:39:47Z,95.0
2023-02-25T10:39:52Z,92.0
2023-02-25T10:39:57Z,88.0
2023-02-25T10:40:02Z,85.0
2023-02-25T10:40:07Z,87.0
2023-02-25T10:40:12Z,88.0
2023-02-25T10:40:17Z,90.0
2023-02-25T10:40:27Z,88.0
2023-02-25T10:40:32Z,87.0
2023-02-25T10:40:37Z,88.0
2023-02-25T10:40:42Z,90.0
2023-02-25T10:40:57Z,90.0
2023-02-25T10:41:02Z,89.0
2023-02-25T10:41:07Z,90.0
2023-02-25T10:41:22Z,90.0
2023-02-25T10:41:27Z,91.0
2023-02-25T10:41:32Z,96.0
2023-02-25T10:41:37Z,92.0
2023-02-25T10:41:42Z,91.0
2023-02-25T10:41:47Z,92.0
2023-02-25T10:41:52Z,95.0
2023-02-25T10:41:57Z,93.0
2023-02-25T10:42:07Z,89.0
2023-02-25T10:42:17Z,90.0
2023-02-25T10:42:22Z,88.0
2023-02-25T10:42:27Z,89.0
2023-02-25T10:42:32Z,90.0
2023-02-25T10:42:37Z,92.0
2023-02-25T10:42:42Z,93.0
2023-02-25T10:42:47Z,92.0
2023-02-25T10:42:52Z,90.0
2023-02-25T10:43:02Z,93.0
2023-02-25T10:43:12Z,94.0
2023-02-25T10:43:27Z,90.0
2023-02-25T10:43:37Z,94.0
2023-02-25T10:43:47Z,92.0
2023-02-25T10:43:52Z,93.0
2023-02-25T10:44:02Z,92.0
2023-02-25T10:44:07Z,91.0
2023-02-25T10:44:22Z,91.0
2023-02-25T10:44:27Z,96.0
2023-02-25T10:44:32Z,98.0
2023-02-25T10:44:42Z,96.0
2023-02-25T10:44:52Z,93.0
2023-02-25T10:45:07Z,93.0
2023-02-25T10:45:12Z,92.0
2023-02-25T10:45:17Z,93.0
2023-02-25T10:45:32Z,91.0
2023-02-25T10:45:37Z,88.0
2023-02-25T10:45:42Z,89.0
2023-02-25T10:45:47Z,91.0
2023-02-25T10:45:52Z,93.0
2023-02-25T10:46:02Z,91.0
2023-02-25T10:46:12Z,93.0
2023-02-25T10:46:17Z,94.0
2023-02-25T10:46:22Z,96.0
2023-02-25T10:46:27Z,93.0
2023-02-25T10:46:32Z,91.0
2023-02-25T10:46:37Z,88.0
2023-02-25T10:46:42Z,85.0
2023-02-25T10:46:47Z,86.0
2023-02-25T10:46:52Z,95.0
2023-02-25T10:46:57Z,90.0
2023-02-25T10:47:02Z,88.0
2023-02-25T10:47:07Z,91.0
2023-02-25T10:47:12Z,94.0
2023-02-25T10:47:17Z,95.0
2023-02-25T10:47:27Z,89.0
2023-02-25T10:47:37Z,95.0
2023-02-25T10:47:42Z,94.0
2023-02-25T10:47:47Z,93.0
2023-02-25T10:47:52Z,94.0
2023-02-25T10:47:57Z,96.0
2023-02-25T10:48:02Z,95.0
2023-02-25T10:48:07Z,94.0
2023-02-25T10:48:12Z,92.0
2023-02-25T10:48:17Z,90.0
2023-02-25T10:48:22Z,87.0
2023-02-25T10:48:27Z,86.0
2023-02-25T10:48:32Z,87.0
2023-02-25T10:48:37Z,90.0
2023-02-25T10:48:42Z,92.0
2023-02-25T10:48:47Z,90.0
2023-02-25T10:48:52Z,87.0
2023-02-25T10:48:57Z,92.0
2023-02-25T10:49:02Z,94.0
2023-02-25T10:49:07Z,96.0
2023-02-25T10:49:12Z,93.0
2023-02-25T10:49:17Z,95.0
2023-02-25T10:49:22Z,98.0
2023-02-25T10:49:32Z,101.0
2023-02-25T10:49:37Z,100.0
2023-02-25T10:49:42Z,92.0
2023-02-25T10:49:52Z,95.0
2023-02-25T10:49:57Z,92.0
2023-02-25T10:50:02Z,89.0
2023-02-25T10:50:07Z,90.0
2023-02-25T10:50:12Z,92.0
2023-02-25T10:50:17Z,95.0
2023-02-25T10:50:22Z,92.0
2023-02-25T10:50:27Z,94.0
2023-02-25T10:50:37Z,96.0
2023-02-25T10:50:47Z,97.0
2023-02-25T10:50:52Z,94.0
2023-02-25T10:50:57Z,91.0
2023-02-25T10:51:02Z,90.0
2023-02-25T10:51:07Z,91.0
2023-02-25T10:51:12Z,94.0
2023-02-25T10:51:17Z,95.0
2023-02-25T10:51:22Z,94.0
2023-02-25T10:51:27Z,95.0
2023-02-25T10:51:32Z,96.0
2023-02-25T10:51:37Z,98.0
2023-02-25T10:51:47Z,97.0
2023-02-25T10:51:57Z,98.0
2023-02-25T10:52:12Z,94.0
2023-02-25T10:52:17Z,89.0
2023-02-25T10:52:22Z,88.0
2023-02-25T10:52:27Z,88.0
2023-02-25T10:52:32Z,89.0
2023-02-25T10:52:37Z,90.0
2023-02-25T10:52:42Z,88.0
2023-02-25T10:52:47Z,85.0
2023-02-25T10:52:52Z,86.0
2023-02-25T10:52:57Z,89.0
2023-02-25T10:53:07Z,88.0
2023-02-25T10:53:12Z,87.0
2023-02-25T10:53:17Z,88.0
2023-02-25T10:53:22Z,91.0
2023-02-25T10:53:27Z,90.0
2023-02-25T10:53:32Z,89.0
2023-02-25T10:53:37Z,90.0
2023-02-25T10:53:42Z,93.0
2023-02-25T10:53:47Z,94.0
2023-02-25T10:53:52Z,92.0
2023-02-25T10:54:02Z,89.0
2023-02-25T10:54:07Z,88.0
2023-02-25T10:54:12Z,91.0
2023-02-25T10:54:17Z,92.0
2023-02-25T10:54:27Z,93.0
2023-02-25T10:54:32Z,94.0
2023-02-25T10:54:42Z,92.0
2023-02-25T10:54:47Z,90.0
2023-02-25T10:54:57Z,92.0
2023-02-25T10:55:02Z,93.0
2023-02-25T10:55:07Z,88.0
2023-02-25T10:55:12Z,89.0
2023-02-25T10:55:17Z,93.0
2023-02-25T10:55:22Z,89.0
2023-02-25T10:55:27Z,87.0
2023-02-25T10:55:32Z,88.0
2023-02-25T10:55:42Z,89.0
2023-02-25T10:55:47Z,92.0
2023-02-25T10:55:52Z,91.0
2023-02-25T10:55:57Z,89.0
2023-02-25T10:56:07Z,90.0
2023-02-25T10:56:12Z,88.0
2023-02-25T10:56:17Z,87.0
2023-02-25T10:56:22Z,90.0
2023-02-25T10:56:27Z,92.0
2023-02-25T10:56:42Z,93.0
2023-02-25T10:56:47Z,92.0
2023-02-25T10:56:52Z,93.0
2023-02-25T10:56:57Z,95.0
2023-02-25T10:57:02Z,94.0
2023-02-25T10:57:12Z,95.0
2023-02-25T10:57:17Z,95.0
2023-02-25T10:57:22Z,94.0
2023-02-25T10:57:27Z,93.0
2023-02-25T10:57:32Z,92.0
2023-02-25T10:57:37Z,91.0
2023-02-25T10:57:42Z,90.0
2023-02-25T10:57:47Z,91.0
2023-02-25T10:57:52Z,95.0
2023-02-25T10:57:57Z,93.0
2023-02-25T10:58:02Z,91.0
2023-02-25T10:58:12Z,92.0
2023-02-25T10:58:17Z,93.0
2023-02-25T10:58:22Z,90.0
2023-02-25T10:58:27Z,91.0
2023-02-25T10:58:32Z,90.0
2023-02-25T10:58:37Z,89.0
2023-02-25T10:58:42Z,88.0
2023-02-25T10:58:47Z,89.0
2023-02-25T10:58:52Z,88.0
2023-02-25T10:59:02Z,89.0
2023-02-25T10:59:07Z,91.0
2023-02-25T10:59:12Z,87.0
2023-02-25T10:59:17Z,88.0
2023-02-25T10:59:22Z,90.0
2023-02-25T10:59:27Z,91.0
2023-02-25T10:59:32Z,92.0
2023-02-25T10:59:37Z,94.0
2023-02-25T10:59:52Z,98.0
2023-02-25T10:59:57Z,93.0
2023-02-25T11:00:02Z,90.0
2023-02-25T11:00:07Z,93.0
2023-02-25T11:00:17Z,92.0
2023-02-25T11:00:22Z,90.0
2023-02-25T11:00:27Z,92.0
2023-02-25T11:00:32Z,94.0
2023-02-25T11:00:37Z,92.0
2023-02-25T11:00:42Z,90.0
2023-02-25T11:00:47Z,89.0
2023-02-25T11:00:52Z,88.0
2023-02-25T11:00:57Z,87.0
2023-02-25T11:01:02Z,91.0
2023-02-25T11:01:07Z,93.0
2023-02-25T11:01:12Z,94.0
2023-02-25T11:01:17Z,93.0
2023-02-25T11:01:27Z,90.0
2023-02-25T11:01:32Z,91.0
2023-02-25T11:01:37Z,93.0
2023-02-25T11:01:42Z,96.0
2023-02-25T11:01:47Z,93.0
2023-02-25T11:01:52Z,92.0
2023-02-25T11:01:57Z,93.0
2023-02-25T11:02:02Z,90.0
2023-02-25T11:02:07Z,88.0
2023-02-25T11:02:12Z,91.0
2023-02-25T11:02:17Z,89.0
2023-02-25T11:02:22Z,90.0
2023-02-25T11:02:27Z,92.0
2023-02-25T11:02:32Z,94.0
2023-02-25T11:02:37Z,96.0
2023-02-25T11:02:42Z,94.0
2023-02-25T11:02:47Z,93.0
2023-02-25T11:02:57Z,95.0
2023-02-25T11:03:02Z,96.0
2023-02-25T11:03:07Z,98.0
2023-02-25T11:03:12Z,97.0
2023-02-25T11:03:27Z,94.0
2023-02-25T11:03:32Z,96.0
2023-02-25T11:03:37Z,96.0
2023-02-25T11:03:42Z,93.0
2023-02-25T11:03:47Z,92.0
2023-02-25T11:03:57Z,93.0
2023-02-25T11:04:02Z,95.0
2023-02-25T11:04:07Z,94.0
2023-02-25T11:04:12Z,90.0
2023-02-25T11:04:22Z,92.0
2023-02-25T11:04:27Z,91.0
2023-02-25T11:04:32Z,93.0
2023-02-25T11:04:37Z,94.0
2023-02-25T11:04:42Z,96.0
2023-02-25T11:04:47Z,97.0
2023-02-25T11:04:52Z,96.0
2023-02-25T11:04:57Z,94.0
2023-02-25T11:05:02Z,92.0
2023-02-25T11:05:07Z,95.0
2023-02-25T11:05:22Z,95.0
2023-02-25T11:05:27Z,96.0
2023-02-25T11:05:32Z,98.0
2023-02-25T11:05:42Z,96.0
2023-02-25T11:05:52Z,96.0
2023-02-25T11:05:57Z,94.0
2023-02-25T11:06:02Z,93.0
2023-02-25T11:06:07Z,96.0
2023-02-25T11:06:12Z,93.0
2023-02-25T11:06:22Z,95.0
2023-02-25T11:06:27Z,96.0
2023-02-25T11:06:32Z,94.0
2023-02-25T11:06:42Z,95.0
2023-02-25T11:06:47Z,97.0
2023-02-25T11:06:52Z,94.0
2023-02-25T11:06:57Z,93.0
2023-02-25T11:07:02Z,92.0
2023-02-25T11:07:12Z,93.0
2023-02-25T11:07:17Z,89.0
2023-02-25T11:07:32Z,91.0
2023-02-25T11:07:42Z,90.0
2023-02-25T11:07:47Z,94.0
2023-02-25T11:07:52Z,92.0
2023-02-25T11:07:57Z,88.0
2023-02-25T11:08:02Z,89.0
2023-02-25T11:08:12Z,88.0
2023-02-25T11:08:17Z,89.0
2023-02-25T11:08:27Z,88.0
2023-02-25T11:08:32Z,89.0
2023-02-25T11:08:42Z,90.0
2023-02-25T11:08:57Z,93.0
2023-02-25T11:09:02Z,94.0
2023-02-25T11:09:12Z,95.0
2023-02-25T11:09:22Z,91.0
2023-02-25T11:09:27Z,91.0
2023-02-25T11:09:32Z,92.0
2023-02-25T11:09:37Z,90.0
2023-02-25T11:09:42Z,92.0
2023-02-25T11:09:47Z,91.0
2023-02-25T11:09:52Z,95.0
2023-02-25T11:09:57Z,94.0
2023-02-25T11:10:02Z,92.0
2023-02-25T11:10:12Z,95.0
2023-02-25T11:10:17Z,93.0
2023-02-25T11:10:27Z,91.0
2023-02-25T11:10:32Z,89.0
2023-02-25T11:10:37Z,89.0
2023-02-25T11:10:42Z,92.0
2023-02-25T11:10:47Z,89.0
2023-02-25T11:10:52Z,86.0
2023-02-25T11:10:57Z,90.0
2023-02-25T11:11:02Z,91.0
2023-02-25T11:11:07Z,92.0
2023-02-25T11:11:12Z,95.0
2023-02-25T11:11:22Z,94.0
2023-02-25T11:11:37Z,93.0
2023-02-25T11:11:42Z,91.0
2023-02-25T11:11:57Z,94.0
2023-02-25T11:12:07Z,93.0
2023-02-25T11:12:12Z,90.0
2023-02-25T11:12:17Z,86.0
2023-02-25T11:12:22Z,87.0
2023-02-25T11:12:27Z,86.0
2023-02-25T11:12:32Z,85.0
2023-02-25T11:12:37Z,84.0
2023-02-25T11:12:42Z,83.0
2023-02-25T11:12:47Z,85.0
2023-02-25T11:12:52Z,90.0
2023-02-25T11:12:57Z,89.0
2023-02-25T11:13:02Z,87.0
2023-02-25T11:13:12Z,89.0
2023-02-25T11:13:17Z,88.0
2023-02-25T11:13:22Z,90.0
2023-02-25T11:13:27Z,91.0
2023-02-25T11:13:37Z,88.0
2023-02-25T11:13:42Z,87.0
2023-02-25T11:13:52Z,89.0
2023-02-25T11:13:57Z,91.0
2023-02-25T11:14:02Z,90.0
2023-02-25T11:14:07Z,89.0
2023-02-25T11:14:17Z,88.0
2023-02-25T11:14:22Z,87.0
2023-02-25T11:14:32Z,89.0
2023-02-25T11:14:37Z,90.0
2023-02-25T11:14:42Z,92.0
2023-02-25T11:14:47Z,94.0
2023-02-25T11:14:52Z,90.0
2023-02-25T11:14:57Z,86.0
2023-02-25T11:15:02Z,89.0
2023-02-25T11:15:07Z,90.0
2023-02-25T11:15:12Z,92.0
2023-02-25T11:15:17Z,94.0
2023-02-25T11:15:27Z,91.0
2023-02-25T11:15:32Z,89.0
2023-02-25T11:15:42Z,91.0
2023-02-25T11:15:47Z,92.0
2023-02-25T11:15:52Z,91.0
2023-02-25T11:15:57Z,94.0
2023-02-25T11:16:02Z,97.0
2023-02-25T11:16:07Z,95.0
2023-02-25T11:16:12Z,90.0
2023-02-25T11:16:22Z,94.0
2023-02-25T11:16:27Z,96.0
2023-02-25T11:16:32Z,98.0
2023-02-25T11:16:37Z,97.0
2023-02-25T11:16:42Z,98.0
2023-02-25T11:16:47Z,97.0
2023-02-25T11:16:52Z,99.0
2023-02-25T11:17:02Z,100.0
2023-02-25T11:17:12Z,98.0
2023-02-25T11:17:17Z,96.0
2023-02-25T11:17:22Z,94.0
2023-02-25T11:17:27Z,91.0
2023-02-25T11:17:32Z,90.0
2023-02-25T11:17:37Z,89.0
2023-02-25T11:17:42Z,90.0
2023-02-25T11:17:47Z,88.0
2023-02-25T11:17:52Z,87.0
2023-02-25T11:17:57Z,92.0
2023-02-25T11:18:02Z,97.0
2023-02-25T11:18:07Z,96.0
2023-02-25T11:18:12Z,95.0
2023-02-25T11:18:17Z,100.0
2023-02-25T11:18:22Z,103.0
2023-02-25T11:18:32Z,104.0
2023-02-25T11:18:47Z,102.0
2023-02-25T11:18:52Z,100.0
2023-02-25T11:18:57Z,98.0
2023-02-25T11:19:02Z,95.0
2023-02-25T11:19:07Z,93.0
2023-02-25T11:19:12Z,95.0
2023-02-25T11:19:17Z,98.0
2023-02-25T11:19:22Z,97.0
2023-02-25T11:19:27Z,96.0
2023-02-25T11:19:32Z,94.0
2023-02-25T11:19:37Z,93.0
2023-02-25T11:19:42Z,96.0
2023-02-25T11:19:57Z,98.0
2023-02-25T11:20:02Z,102.0
2023-02-25T11:20:07Z,98.0
2023-02-25T11:20:12Z,94.0
2023-02-25T11:20:17Z,93.0
2023-02-25T11:20:22Z,101.0
2023-02-25T11:20:27Z,103.0
2023-02-25T11:20:32Z,100.0
2023-02-25T11:20:37Z,97.0
2023-02-25T11:20:42Z,95.0
2023-02-25T11:20:57Z,97.0
2023-02-25T11:21:02Z,98.0
2023-02-25T11:21:07Z,99.0
2023-02-25T11:21:12Z,98.0
2023-02-25T11:21:17Z,95.0
2023-02-25T11:21:22Z,93.0
2023-02-25T11:21:27Z,95.0
2023-02-25T11:21:32Z,97.0
2023-02-25T11:21:37Z,96.0
2023-02-25T11:21:42Z,98.0
2023-02-25T11:21:47Z,102.0
2023-02-25T11:21:52Z,106.0
2023-02-25T11:21:57Z,105.0
2023-02-25T11:22:02Z,103.0
2023-02-25T11:22:07Z,101.0
2023-02-25T11:22:12Z,103.0
2023-02-25T11:22:17Z,101.0
2023-02-25T11:22:22Z,100.0
2023-02-25T11:22:27Z,104.0
2023-02-25T11:22:32Z,103.0
2023-02-25T11:22:37Z,100.0
2023-02-25T11:22:42Z,98.0
2023-02-25T11:22:47Z,95.0
2023-02-25T11:22:57Z,93.0
2023-02-25T11:23:07Z,95.0
2023-02-25T11:23:12Z,96.0
2023-02-25T11:23:22Z,95.0
2023-02-25T11:23:27Z,96.0
2023-02-25T11:23:32Z,94.0
2023-02-25T11:23:37Z,93.0
2023-02-25T11:23:42Z,92.0
2023-02-25T11:23:52Z,95.0
2023-02-25T11:23:57Z,98.0
2023-02-25T11:24:12Z,98.0
2023-02-25T11:24:17Z,97.0
2023-02-25T11:24:22Z,98.0
2023-02-25T11:24:27Z,97.0
2023-02-25T11:24:32Z,95.0
2023-02-25T11:24:37Z,94.0
2023-02-25T11:24:47Z,95.0
2023-02-25T11:24:52Z,92.0
2023-02-25T11:24:57Z,93.0
2023-02-25T11:25:02Z,95.0
2023-02-25T11:25:17Z,95.0
2023-02-25T11:25:22Z,96.0
2023-02-25T11:25:27Z,94.0
2023-02-25T11:25:37Z,95.0
2023-02-25T11:25:42Z,93.0
2023-02-25T11:25:47Z,97.0
2023-02-25T11:25:52Z,96.0
2023-02-25T11:25:57Z,93.0
2023-02-25T11:26:02Z,94.0
2023-02-25T11:26:07Z,97.0
2023-02-25T11:26:12Z,98.0
2023-02-25T11:26:17Z,97.0
2023-02-25T11:26:22Z,96.0
2023-02-25T11:26:32Z,94.0
2023-02-25T11:26:37Z,92.0
2023-02-25T11:26:42Z,94.0
2023-02-25T11:26:47Z,100.0
2023-02-25T11:26:52Z,96.0
2023-02-25T11:26:57Z,90.0
2023-02-25T11:27:02Z,90.0
2023-02-25T11:27:07Z,91.0
2023-02-25T11:27:12Z,94.0
2023-02-25T11:27:17Z,91.0
2023-02-25T11:27:22Z,90.0
2023-02-25T11:27:27Z,94.0
2023-02-25T11:27:32Z,97.0
2023-02-25T11:27:37Z,95.0
2023-02-25T11:27:42Z,93.0
2023-02-25T11:27:47Z,94.0
2023-02-25T11:28:02Z,96.0
2023-02-25T11:28:12Z,93.0
2023-02-25T11:28:17Z,95.0
2023-02-25T11:28:22Z,97.0
2023-02-25T11:28:27Z,95.0
2023-02-25T11:28:32Z,96.0
2023-02-25T11:28:37Z,100.0
2023-02-25T11:28:42Z,99.0
2023-02-25T11:28:47Z,98.0
2023-02-25T11:28:52Z,97.0
2023-02-25T11:28:57Z,98.0
2023-02-25T11:29:02Z,97.0
2023-02-25T11:29:07Z,99.0
2023-02-25T11:29:12Z,98.0
2023-02-25T11:29:17Z,95.0
2023-02-25T11:29:22Z,97.0
2023-02-25T11:29:27Z,95.0
2023-02-25T11:29:32Z,92.0
2023-02-25T11:29:42Z,95.0
2023-02-25T11:29:57Z,96.0
2023-02-25T11:30:02Z,94.0
2023-02-25T11:30:12Z,93.0
2023-02-25T11:30:17Z,91.0
2023-02-25T11:30:22Z,90.0
2023-02-25T11:30:27Z,91.0
2023-02-25T11:30:42Z,88.0
2023-02-25T11:30:47Z,87.0
2023-02-25T11:30:52Z,88.0
2023-02-25T11:30:57Z,95.0
2023-02-25T11:31:02Z,101.0
2023-02-25T11:31:07Z,98.0
2023-02-25T11:31:12Z,95.0
2023-02-25T11:31:17Z,91.0
2023-02-25T11:31:22Z,90.0
2023-02-25T11:31:32Z,91.0
2023-02-25T11:31:37Z,95.0
2023-02-25T11:31:42Z,96.0
2023-02-25T11:31:47Z,100.0
2023-02-25T11:31:57Z,97.0
2023-02-25T11:32:02Z,96.0
2023-02-25T11:32:07Z,93.0
2023-02-25T11:32:12Z,91.0
2023-02-25T11:32:17Z,90.0
2023-02-25T11:32:32Z,90.0
2023-02-25T11:32:37Z,91.0
2023-02-25T11:32:47Z,93.0
2023-02-25T11:32:52Z,94.0
2023-02-25T11:32:57Z,95.0
2023-02-25T11:33:02Z,94.0
2023-02-25T11:33:07Z,93.0
2023-02-25T11:33:22Z,95.0
2023-02-25T11:33:27Z,94.0
2023-02-25T11:33:32Z,91.0
2023-02-25T11:33:37Z,91.0
2023-02-25T11:33:42Z,91.0
2023-02-25T11:33:47Z,94.0
2023-02-25T11:33:52Z,96.0
2023-02-25T11:33:57Z,94.0
2023-02-25T11:34:07Z,95.0
2023-02-25T11:34:12Z,91.0
2023-02-25T11:34:17Z,90.0
2023-02-25T11:34:22Z,93.0
2023-02-25T11:34:27Z,95.0
2023-02-25T11:34:32Z,98.0
2023-02-25T11:34:37Z,99.0
2023-02-25T11:34:42Z,96.0
2023-02-25T11:34:47Z,95.0
2023-02-25T11:34:52Z,94.0
2023-02-25T11:34:57Z,93.0
2023-02-25T11:35:12Z,96.0
2023-02-25T11:35:17Z,97.0
2023-02-25T11:35:22Z,95.0
2023-02-25T11:35:32Z,97.0
2023-02-25T11:35:37Z,98.0
2023-02-25T11:35:42Z,96.0
2023-02-25T11:35:47Z,93.0
2023-02-25T11:35:52Z,94.0
2023-02-25T11:36:07Z,93.0
2023-02-25T11:36:12Z,90.0
2023-02-25T11:36:17Z,95.0
2023-02-25T11:36:27Z,94.0
2023-02-25T11:36:32Z,92.0
2023-02-25T11:36:42Z,93.0
2023-02-25T11:36:57Z,93.0
2023-02-25T11:37:07Z,94.0
2023-02-25T11:37:22Z,94.0
2023-02-25T11:37:27Z,93.0
2023-02-25T11:37:32Z,94.0
2023-02-25T11:37:37Z,95.0
2023-02-25T11:37:42Z,97.0
2023-02-25T11:37:47Z,94.0
2023-02-25T11:37:52Z,95.0
2023-02-25T11:37:57Z,96.0
2023-02-25T11:38:12Z,96.0
2023-02-25T11:38:22Z,94.0
2023-02-25T11:38:27Z,96.0
2023-02-25T11:38:32Z,99.0
2023-02-25T11:38:37Z,98.0
2023-02-25T11:38:42Z,98.0
2023-02-25T11:38:47Z,96.0
2023-02-25T11:38:57Z,97.0
2023-02-25T11:39:07Z,98.0
2023-02-25T11:39:17Z,95.0
2023-02-25T11:39:22Z,93.0
2023-02-25T11:39:27Z,92.0
2023-02-25T11:39:32Z,89.0
2023-02-25T11:39:37Z,87.0
2023-02-25T11:39:42Z,88.0
2023-02-25T11:39:47Z,90.0
2023-02-25T11:39:52Z,96.0
2023-02-25T11:39:57Z,92.0
2023-02-25T11:40:02Z,89.0
2023-02-25T11:40:07Z,90.0
2023-02-25T11:40:12Z,91.0
2023-02-25T11:40:27Z,92.0
2023-02-25T11:40:32Z,94.0
2023-02-25T11:40:37Z,95.0
2023-02-25T11:40:42Z,94.0
2023-02-25T11:40:47Z,93.0
2023-02-25T11:40:52Z,92.0
2023-02-25T11:40:57Z,93.0
2023-02-25T11:41:02Z,95.0
2023-02-25T11:41:12Z,96.0
2023-02-25T11:41:22Z,97.0
2023-02-25T11:41:32Z,98.0
2023-02-25T11:41:37Z,94.0
2023-02-25T11:41:42Z,93.0
2023-02-25T11:41:47Z,94.0
2023-02-25T11:41:57Z,90.0
2023-02-25T11:42:02Z,91.0
2023-02-25T11:42:17Z,91.0
2023-02-25T11:42:27Z,92.0
2023-02-25T11:42:32Z,93.0
2023-02-25T11:42:37Z,90.0
2023-02-25T11:42:42Z,89.0
2023-02-25T11:42:47Z,88.0
2023-02-25T11:42:57Z,89.0
2023-02-25T11:43:02Z,95.0
2023-02-25T11:43:07Z,94.0
2023-02-25T11:43:12Z,93.0
2023-02-25T11:43:17Z,88.0
2023-02-25T11:43:22Z,86.0
2023-02-25T11:43:27Z,85.0
2023-02-25T11:43:37Z,86.0
2023-02-25T11:43:42Z,89.0
2023-02-25T11:43:47Z,93.0
2023-02-25T11:43:57Z,91.0
2023-02-25T11:44:02Z,90.0
2023-02-25T11:44:07Z,89.0
2023-02-25T11:44:12Z,91.0
2023-02-25T11:44:17Z,92.0
2023-02-25T11:44:22Z,95.0
2023-02-25T11:44:27Z,95.0
2023-02-25T11:44:32Z,94.0
2023-02-25T11:44:37Z,95.0
2023-02-25T11:44:42Z,97.0
2023-02-25T11:44:47Z,102.0
2023-02-25T11:44:52Z,101.0
2023-02-25T11:44:57Z,98.0
2023-02-25T11:45:02Z,97.0
2023-02-25T11:45:07Z,99.0
2023-02-25T11:45:12Z,97.0
2023-02-25T11:45:17Z,94.0
2023-02-25T11:45:22Z,96.0
2023-02-25T11:45:27Z,92.0
2023-02-25T11:45:37Z,96.0
2023-02-25T11:45:42Z,100.0
2023-02-25T11:45:47Z,101.0
2023-02-25T11:45:52Z,98.0
2023-02-25T11:45:57Z,99.0
2023-02-25T11:46:02Z,101.0
2023-02-25T11:46:12Z,95.0
2023-02-25T11:46:17Z,97.0
2023-02-25T11:46:22Z,98.0
2023-02-25T11:46:37Z,99.0
2023-02-25T11:46:42Z,98.0
2023-02-25T11:46:47Z,94.0
2023-02-25T11:46:51Z,91.0
2023-02-25T11:46:56Z,90.0
2023-02-25T11:47:06Z,92.0
2023-02-25T11:47:11Z,95.0
2023-02-25T11:47:16Z,96.0
2023-02-25T11:47:21Z,99.0
2023-02-25T11:47:27Z,100.0
2023-02-25T11:47:32Z,99.0
2023-02-25T11:47:42Z,96.0
2023-02-25T11:47:47Z,91.0
2023-02-25T11:47:52Z,94.0
2023-02-25T11:47:57Z,97.0
2023-02-25T11:48:02Z,98.0
2023-02-25T11:48:07Z,102.0
2023-02-25T11:48:12Z,99.0
2023-02-25T11:48:22Z,98.0
2023-02-25T11:48:32Z,96.0
2023-02-25T11:48:37Z,98.0
2023-02-25T11:48:47Z,97.0
2023-02-25T11:48:52Z,99.0
2023-02-25T11:48:57Z,100.0
2023-02-25T11:49:02Z,104.0
2023-02-25T11:49:12Z,98.0
2023-02-25T11:49:22Z,100.0
2023-02-25T11:49:32Z,98.0
2023-02-25T11:49:37Z,95.0
2023-02-25T11:49:42Z,94.0
2023-02-25T11:49:47Z,96.0
2023-02-25T11:49:52Z,98.0
2023-02-25T11:50:02Z,97.0
2023-02-25T11:50:07Z,106.0
2023-02-25T11:50:12Z,108.0
2023-02-25T11:50:17Z,103.0
2023-02-25T11:50:22Z,97.0
2023-02-25T11:50:27Z,94.0
2023-02-25T11:50:32Z,93.0
2023-02-25T11:50:37Z,94.0
2023-02-25T11:50:52Z,96.0
2023-02-25T11:50:57Z,94.0
2023-02-25T11:51:02Z,93.0
2023-02-25T11:51:07Z,94.0
2023-02-25T11:51:12Z,98.0
2023-02-25T11:51:17Z,102.0
2023-02-25T11:51:22Z,100.0
2023-02-25T11:51:27Z,97.0
2023-02-25T11:51:32Z,95.0
2023-02-25T11:51:42Z,96.0
2023-02-25T11:51:47Z,95.0
2023-02-25T11:51:52Z,94.0
2023-02-25T11:51:57Z,96.0
2023-02-25T11:52:02Z,97.0
2023-02-25T11:52:07Z,95.0
2023-02-25T11:52:12Z,96.0
2023-02-25T11:52:17Z,97.0
2023-02-25T11:52:22Z,93.0
2023-02-25T11:52:32Z,95.0
2023-02-25T11:52:37Z,99.0
2023-02-25T11:52:42Z,101.0
2023-02-25T11:52:47Z,103.0
2023-02-25T11:52:52Z,101.0
2023-02-25T11:52:57Z,97.0
2023-02-25T11:53:07Z,99.0
2023-02-25T11:53:12Z,100.0
2023-02-25T11:53:17Z,94.0
2023-02-25T11:53:22Z,92.0
2023-02-25T11:53:27Z,96.0
2023-02-25T11:53:32Z,95.0
2023-02-25T11:53:37Z,96.0
2023-02-25T11:53:42Z,95.0
2023-02-25T11:53:47Z,93.0
2023-02-25T11:53:52Z,95.0
2023-02-25T11:54:02Z,97.0
2023-02-25T11:54:12Z,99.0
2023-02-25T11:54:17Z,101.0
2023-02-25T11:54:22Z,105.0
2023-02-25T11:54:27Z,104.0
2023-02-25T11:54:32Z,105.0
2023-02-25T11:54:37Z,102.0
2023-02-25T11:54:42Z,103.0
2023-02-25T11:54:47Z,102.0
2023-02-25T11:55:02Z,103.0
2023-02-25T11:55:12Z,104.0
2023-02-25T11:55:27Z,104.0
2023-02-25T11:55:32Z,106.0
2023-02-25T11:55:37Z,102.0
2023-02-25T11:55:42Z,97.0
2023-02-25T11:55:47Z,94.0
2023-02-25T11:55:52Z,97.0
2023-02-25T11:55:57Z,98.0
2023-02-25T11:56:02Z,100.0
2023-02-25T11:56:12Z,94.0
2023-02-25T11:56:17Z,96.0
2023-02-25T11:56:27Z,93.0
2023-02-25T11:56:32Z,92.0
2023-02-25T11:56:37Z,94.0
2023-02-25T11:56:47Z,95.0
2023-02-25T11:56:57Z,94.0
2023-02-25T11:57:02Z,92.0
2023-02-25T11:57:07Z,94.0
2023-02-25T11:57:12Z,93.0
2023-02-25T11:57:17Z,92.0
2023-02-25T11:57:22Z,89.0
2023-02-25T11:57:27Z,87.0
2023-02-25T11:57:32Z,88.0
2023-02-25T11:57:37Z,91.0
2023-02-25T11:57:42Z,94.0
2023-02-25T11:57:47Z,95.0
2023-02-25T11:57:52Z,94.0
2023-02-25T11:58:02Z,96.0
2023-02-25T11:58:07Z,97.0
2023-02-25T11:58:12Z,98.0
2023-02-25T11:58:17Z,99.0
2023-02-25T11:58:27Z,95.0
2023-02-25T11:58:32Z,96.0
2023-02-25T11:58:37Z,98.0
2023-02-25T11:58:42Z,97.0
2023-02-25T11:58:52Z,99.0
2023-02-25T11:58:57Z,100.0
2023-02-25T11:59:02Z,102.0
2023-02-25T11:59:12Z,100.0
2023-02-25T11:59:17Z,99.0
2023-02-25T11:59:22Z,101.0
2023-02-25T11:59:27Z,99.0
2023-02-25T11:59:42Z,98.0
2023-02-25T11:59:47Z,99.0
2023-02-25T11:59:52Z,101.0
2023-02-25T12:00:07Z,99.0
2023-02-25T12:00:12Z,98.0
2023-02-25T12:00:17Z,99.0
2023-02-25T12:00:22Z,98.0
2023-02-25T12:00:27Z,96.0
2023-02-25T12:00:32Z,95.0
2023-02-25T12:00:37Z,96.0
2023-02-25T12:00:42Z,95.0
2023-02-25T12:00:47Z,93.0
2023-02-25T12:00:57Z,95.0
2023-02-25T12:01:02Z,93.0
2023-02-25T12:01:07Z,91.0
2023-02-25T12:01:12Z,93.0
2023-02-25T12:01:17Z,93.0
2023-02-25T12:01:22Z,95.0
2023-02-25T12:01:27Z,96.0
2023-02-25T12:01:32Z,98.0
2023-02-25T12:01:37Z,97.0
2023-02-25T12:01:42Z,96.0
2023-02-25T12:01:57Z,97.0
2023-02-25T12:02:07Z,96.0
2023-02-25T12:02:12Z,98.0
2023-02-25T12:02:17Z,97.0
2023-02-25T12:02:32Z,96.0
2023-02-25T12:02:37Z,97.0
2023-02-25T12:02:47Z,96.0
2023-02-25T12:02:52Z,95.0
2023-02-25T12:02:57Z,99.0
2023-02-25T12:03:02Z,98.0
2023-02-25T12:03:07Z,99.0
2023-02-25T12:03:12Z,98.0
2023-02-25T12:03:17Z,99.0
2023-02-25T12:03:22Z,98.0
2023-02-25T12:03:27Z,96.0
2023-02-25T12:03:32Z,97.0
2023-02-25T12:03:37Z,101.0
2023-02-25T12:03:42Z,102.0
2023-02-25T12:03:47Z,101.0
2023-02-25T12:03:52Z,98.0
2023-02-25T12:03:57Z,96.0
2023-02-25T12:04:02Z,97.0
2023-02-25T12:04:07Z,98.0
2023-02-25T12:04:12Z,99.0
2023-02-25T12:04:17Z,101.0
2023-02-25T12:04:27Z,102.0
2023-02-25T12:04:32Z,103.0
2023-02-25T12:04:37Z,100.0
2023-02-25T12:04:42Z,98.0
2023-02-25T12:04:52Z,99.0
2023-02-25T12:04:57Z,101.0
2023-02-25T12:05:07Z,100.0
2023-02-25T12:05:22Z,99.0
2023-02-25T12:05:32Z,100.0
2023-02-25T12:05:37Z,98.0
2023-02-25T12:05:42Z,97.0
2023-02-25T12:05:52Z,95.0
2023-02-25T12:05:57Z,94.0
2023-02-25T12:06:02Z,95.0
2023-02-25T12:06:07Z,96.0
2023-02-25T12:06:12Z,94.0
2023-02-25T12:06:17Z,96.0
2023-02-25T12:06:22Z,98.0
2023-02-25T12:06:27Z,97.0
2023-02-25T12:06:37Z,99.0
2023-02-25T12:06:42Z,100.0
2023-02-25T12:06:47Z,101.0
2023-02-25T12:06:57Z,100.0
2023-02-25T12:07:02Z,99.0
2023-02-25T12:07:07Z,101.0
2023-02-25T12:07:17Z,99.0
2023-02-25T12:07:22Z,97.0
2023-02-25T12:07:37Z,97.0
2023-02-25T12:07:42Z,96.0
2023-02-25T12:07:47Z,95.0
2023-02-25T12:07:52Z,94.0
2023-02-25T12:07:57Z,97.0
2023-02-25T12:08:02Z,100.0
2023-02-25T12:08:12Z,102.0
2023-02-25T12:08:17Z,105.0
2023-02-25T12:08:22Z,100.0
2023-02-25T12:08:27Z,96.0
2023-02-25T12:08:32Z,99.0
2023-02-25T12:08:37Z,104.0
2023-02-25T12:08:42Z,103.0
2023-02-25T12:08:47Z,100.0
2023-02-25T12:08:52Z,101.0
2023-02-25T12:08:57Z,102.0
2023-02-25T12:09:02Z,101.0
2023-02-25T12:09:07Z,102.0
2023-02-25T12:09:17Z,101.0
2023-02-25T12:09:27Z,102.0
2023-02-25T12:09:32Z,101.0
2023-02-25T12:09:37Z,102.0
2023-02-25T12:09:42Z,100.0
2023-02-25T12:09:57Z,100.0
2023-02-25T12:10:02Z,100.0
2023-02-25T12:10:07Z,97.0
2023-02-25T12:10:12Z,93.0
2023-02-25T12:10:17Z,92.0
2023-02-25T12:10:22Z,93.0
2023-02-25T12:10:27Z,96.0
2023-02-25T12:10:37Z,93.0
2023-02-25T12:10:52Z,95.0
2023-02-25T12:10:57Z,97.0
2023-02-25T12:11:02Z,95.0
2023-02-25T12:11:07Z,93.0
2023-02-25T12:11:12Z,94.0
2023-02-25T12:11:17Z,97.0
2023-02-25T12:11:32Z,102.0
2023-02-25T12:11:37Z,101.0
2023-02-25T12:11:52Z,99.0
2023-02-25T12:11:57Z,100.0
2023-02-25T12:12:07Z,98.0
2023-02-25T12:12:22Z,98.0
2023-02-25T12:12:27Z,97.0
2023-02-25T12:12:32Z,94.0
2023-02-25T12:12:37Z,92.0
2023-02-25T12:12:42Z,92.0
2023-02-25T12:12:47Z,93.0
2023-02-25T12:12:52Z,94.0
2023-02-25T12:12:57Z,96.0
2023-02-25T12:13:02Z,97.0
2023-02-25T12:13:07Z,95.0
2023-02-25T12:13:17Z,96.0
2023-02-25T12:13:22Z,97.0
2023-02-25T12:13:27Z,98.0
2023-02-25T12:13:32Z,97.0
2023-02-25T12:13:37Z,95.0
2023-02-25T12:13:42Z,93.0
2023-02-25T12:13:47Z,95.0
2023-02-25T12:13:52Z,96.0
2023-02-25T12:13:57Z,97.0
2023-02-25T12:14:02Z,98.0
2023-02-25T12:14:07Z,99.0
2023-02-25T12:14:12Z,100.0
2023-02-25T12:14:17Z,98.0
2023-02-25T12:14:22Z,97.0
2023-02-25T12:14:32Z,96.0
2023-02-25T12:14:37Z,95.0
2023-02-25T12:14:52Z,95.0
2023-02-25T12:14:57Z,96.0
2023-02-25T12:15:02Z,94.0
2023-02-25T12:15:07Z,93.0
2023-02-25T12:15:12Z,94.0
2023-02-25T12:15:17Z,93.0
2023-02-25T12:15:22Z,92.0
2023-02-25T12:15:32Z,94.0
2023-02-25T12:15:37Z,95.0
2023-02-25T12:15:42Z,93.0
2023-02-25T12:15:47Z,94.0
2023-02-25T12:15:52Z,93.0
2023-02-25T12:16:02Z,94.0
2023-02-25T12:16:07Z,97.0
2023-02-25T12:16:12Z,100.0
2023-02-25T12:16:17Z,98.0
2023-02-25T12:16:22Z,96.0
2023-02-25T12:16:27Z,95.0
2023-02-25T12:16:42Z,95.0
2023-02-25T12:16:47Z,94.0
2023-02-25T12:16:52Z,96.0
2023-02-25T12:16:57Z,98.0
2023-02-25T12:17:02Z,97.0
2023-02-25T12:17:07Z,98.0
2023-02-25T12:17:12Z,97.0
2023-02-25T12:17:17Z,99.0
2023-02-25T12:17:22Z,98.0
2023-02-25T12:17:27Z,99.0
2023-02-25T12:17:32Z,98.0
2023-02-25T12:17:37Z,97.0
2023-02-25T12:17:42Z,96.0
2023-02-25T12:17:47Z,95.0
2023-02-25T12:17:57Z,96.0
2023-02-25T12:18:07Z,97.0
2023-02-25T12:18:12Z,96.0
2023-02-25T12:18:17Z,95.0
2023-02-25T12:18:27Z,94.0
2023-02-25T12:18:32Z,96.0
2023-02-25T12:18:37Z,97.0
2023-02-25T12:18:42Z,96.0
2023-02-25T12:18:47Z,95.0
2023-02-25T12:18:52Z,92.0
2023-02-25T12:18:57Z,93.0
2023-02-25T12:19:02Z,95.0
2023-02-25T12:19:07Z,93.0
2023-02-25T12:19:12Z,91.0
2023-02-25T12:19:17Z,92.0
2023-02-25T12:19:22Z,94.0
2023-02-25T12:19:27Z,95.0
2023-02-25T12:19:32Z,94.0
2023-02-25T12:19:37Z,92.0
2023-02-25T12:19:42Z,87.0
2023-02-25T12:19:47Z,90.0
2023-02-25T12:19:52Z,98.0
2023-02-25T12:19:57Z,101.0
2023-02-25T12:20:02Z,103.0
2023-02-25T12:20:07Z,102.0
2023-02-25T12:20:12Z,101.0
2023-02-25T12:20:27Z,102.0
2023-02-25T12:20:37Z,104.0
2023-02-25T12:20:42Z,103.0
2023-02-25T12:20:47Z,101.0
2023-02-25T12:20:57Z,100.0
2023-02-25T12:21:02Z,100.0
2023-02-25T12:21:07Z,101.0
2023-02-25T12:21:12Z,100.0
2023-02-25T12:21:22Z,97.0
2023-02-25T12:21:27Z,91.0
2023-02-25T12:21:32Z,88.0
2023-02-25T12:21:37Z,89.0
2023-02-25T12:21:42Z,91.0
2023-02-25T12:21:47Z,93.0
2023-02-25T12:21:57Z,92.0
2023-02-25T12:22:12Z,95.0
2023-02-25T12:22:27Z,98.0
2023-02-25T12:22:32Z,99.0
2023-02-25T12:22:37Z,98.0
2023-02-25T12:22:42Z,97.0
2023-02-25T12:22:57Z,99.0
2023-02-25T12:23:07Z,97.0
2023-02-25T12:23:12Z,95.0
2023-02-25T12:23:17Z,94.0
2023-02-25T12:23:22Z,92.0
2023-02-25T12:23:27Z,91.0
2023-02-25T12:23:32Z,92.0
2023-02-25T12:23:37Z,93.0
2023-02-25T12:23:42Z,94.0
2023-02-25T12:23:47Z,96.0
2023-02-25T12:23:57Z,93.0
2023-02-25T12:24:02Z,92.0
2023-02-25T12:24:07Z,91.0
2023-02-25T12:24:12Z,92.0
2023-02-25T12:24:17Z,93.0
2023-02-25T12:24:22Z,94.0
2023-02-25T12:24:27Z,92.0
2023-02-25T12:24:32Z,91.0
2023-02-25T12:24:37Z,92.0
2023-02-25T12:24:42Z,93.0
2023-02-25T12:24:52Z,94.0
2023-02-25T12:24:57Z,93.0
2023-02-25T12:25:07Z,93.0
2023-02-25T12:25:12Z,92.0
2023-02-25T12:25:22Z,93.0
2023-02-25T12:25:27Z,94.0
2023-02-25T12:25:32Z,93.0
2023-02-25T12:25:37Z,92.0
2023-02-25T12:25:47Z,93.0
2023-02-25T12:25:52Z,95.0
2023-02-25T12:26:07Z,95.0
2023-02-25T12:26:17Z,94.0
2023-02-25T12:26:22Z,93.0
2023-02-25T12:26:32Z,92.0
2023-02-25T12:26:37Z,93.0
2023-02-25T12:26:52Z,94.0
2023-02-25T12:26:57Z,95.0
2023-02-25T12:27:02Z,97.0
2023-02-25T12:27:07Z,98.0
2023-02-25T12:27:12Z,99.0
2023-02-25T12:27:17Z,98.0
2023-02-25T12:27:22Z,99.0
2023-02-25T12:27:32Z,98.0
2023-02-25T12:27:37Z,99.0
2023-02-25T12:27:42Z,98.0
2023-02-25T12:27:47Z,97.0
2023-02-25T12:27:52Z,95.0
2023-02-25T12:27:57Z,94.0
2023-02-25T12:28:02Z,91.0
2023-02-25T12:28:07Z,93.0
2023-02-25T12:28:22Z,93.0
2023-02-25T12:28:32Z,88.0
2023-02-25T12:28:42Z,89.0
2023-02-25T12:28:47Z,91.0
2023-02-25T12:28:52Z,92.0
2023-02-25T12:28:57Z,91.0
2023-02-25T12:29:07Z,90.0
2023-02-25T12:29:12Z,91.0
2023-02-25T12:29:17Z,90.0
2023-02-25T12:29:22Z,93.0
2023-02-25T12:29:27Z,94.0
2023-02-25T12:29:37Z,93.0
2023-02-25T12:29:42Z,94.0
2023-02-25T12:29:47Z,95.0
2023-02-25T12:29:52Z,93.0
2023-02-25T12:29:57Z,92.0
2023-02-25T12:30:02Z,93.0
2023-02-25T12:30:12Z,92.0
2023-02-25T12:30:17Z,92.0
2023-02-25T12:30:22Z,92.0
2023-02-25T12:30:27Z,93.0
2023-02-25T12:30:32Z,91.0
2023-02-25T12:30:42Z,92.0
2023-02-25T12:30:52Z,91.0
2023-02-25T12:30:57Z,94.0
2023-02-25T12:31:12Z,95.0
2023-02-25T12:31:22Z,93.0
2023-02-25T12:31:27Z,94.0
2023-02-25T12:31:32Z,95.0
2023-02-25T12:31:42Z,94.0
2023-02-25T12:31:52Z,93.0
2023-02-25T12:31:57Z,92.0
2023-02-25T12:32:02Z,91.0
2023-02-25T12:32:12Z,92.0
2023-02-25T12:32:22Z,93.0
2023-02-25T12:32:37Z,92.0
2023-02-25T12:32:42Z,93.0
2023-02-25T12:32:47Z,91.0
2023-02-25T12:32:52Z,93.0
2023-02-25T12:32:57Z,93.0
2023-02-25T12:33:02Z,94.0
2023-02-25T12:33:17Z,94.0
2023-02-25T12:33:27Z,93.0
2023-02-25T12:33:32Z,91.0
2023-02-25T12:33:37Z,90.0
2023-02-25T12:33:52Z,93.0
2023-02-25T12:33:57Z,92.0
2023-02-25T12:34:07Z,93.0
2023-02-25T12:34:12Z,91.0
2023-02-25T12:34:17Z,90.0
2023-02-25T12:34:22Z,88.0
2023-02-25T12:34:27Z,89.0
2023-02-25T12:34:32Z,91.0
2023-02-25T12:34:42Z,96.0
2023-02-25T12:34:52Z,95.0
2023-02-25T12:34:57Z,93.0
2023-02-25T12:35:02Z,92.0
2023-02-25T12:35:07Z,91.0
2023-02-25T12:35:12Z,92.0
2023-02-25T12:35:22Z,88.0
2023-02-25T12:35:27Z,89.0
2023-02-25T12:35:32Z,90.0
2023-02-25T12:35:37Z,92.0
2023-02-25T12:35:42Z,91.0
2023-02-25T12:35:47Z,90.0
2023-02-25T12:35:57Z,91.0
2023-02-25T12:36:02Z,92.0
2023-02-25T12:36:07Z,93.0
2023-02-25T12:36:12Z,95.0
2023-02-25T12:36:17Z,94.0
2023-02-25T12:36:22Z,94.0
2023-02-25T12:36:27Z,96.0
2023-02-25T12:36:32Z,97.0
2023-02-25T12:36:37Z,95.0
2023-02-25T12:36:42Z,92.0
2023-02-25T12:36:47Z,94.0
2023-02-25T12:36:52Z,93.0
2023-02-25T12:37:02Z,91.0
2023-02-25T12:37:07Z,92.0
2023-02-25T12:37:12Z,91.0
2023-02-25T12:37:22Z,92.0
2023-02-25T12:37:37Z,92.0
2023-02-25T12:37:42Z,94.0
2023-02-25T12:37:47Z,95.0
2023-02-25T12:37:52Z,94.0
2023-02-25T12:37:57Z,95.0
2023-02-25T12:38:07Z,96.0
2023-02-25T12:38:22Z,95.0
2023-02-25T12:38:27Z,93.0
2023-02-25T12:38:32Z,90.0
2023-02-25T12:38:37Z,91.0
2023-02-25T12:38:47Z,92.0
2023-02-25T12:39:02Z,92.0
2023-02-25T12:39:07Z,93.0
2023-02-25T12:39:17Z,92.0
2023-02-25T12:39:22Z,95.0
2023-02-25T12:39:27Z,92.0
2023-02-25T12:39:32Z,92.0
2023-02-25T12:39:42Z,93.0
2023-02-25T12:39:47Z,92.0
2023-02-25T12:39:52Z,91.0
2023-02-25T12:40:02Z,93.0
2023-02-25T12:40:07Z,92.0
2023-02-25T12:40:12Z,91.0
2023-02-25T12:40:17Z,92.0
2023-02-25T12:40:22Z,93.0
2023-02-25T12:40:27Z,92.0
2023-02-25T12:40:32Z,91.0
2023-02-25T12:40:37Z,92.0
2023-02-25T12:40:42Z,89.0
2023-02-25T12:40:52Z,91.0
2023-02-25T12:40:57Z,94.0
2023-02-25T12:41:02Z,93.0
2023-02-25T12:41:07Z,92.0
2023-02-25T12:41:17Z,91.0
2023-02-25T12:41:22Z,93.0
2023-02-25T12:41:27Z,92.0
2023-02-25T12:41:32Z,93.0
2023-02-25T12:41:37Z,94.0
2023-02-25T12:41:47Z,93.0
2023-02-25T12:41:57Z,94.0
2023-02-25T12:42:02Z,93.0
2023-02-25T12:42:07Z,95.0
2023-02-25T12:42:17Z,94.0
2023-02-25T12:42:22Z,93.0
2023-02-25T12:42:37Z,94.0
2023-02-25T12:42:42Z,95.0
2023-02-25T12:42:47Z,92.0
2023-02-25T12:42:57Z,93.0
2023-02-25T12:43:12Z,93.0
2023-02-25T12:43:22Z,95.0
2023-02-25T12:43:27Z,97.0
2023-02-25T12:43:37Z,96.0
2023-02-25T12:43:42Z,94.0
2023-02-25T12:43:47Z,92.0
2023-02-25T12:43:57Z,94.0
2023-02-25T12:44:02Z,95.0
2023-02-25T12:44:07Z,96.0
2023-02-25T12:44:12Z,97.0
2023-02-25T12:44:17Z,98.0
2023-02-25T12:44:22Z,101.0
2023-02-25T12:44:27Z,102.0
2023-02-25T12:44:37Z,105.0
2023-02-25T12:44:42Z,104.0
2023-02-25T12:44:47Z,103.0
2023-02-25T12:44:52Z,102.0
2023-02-25T12:45:02Z,103.0
2023-02-25T12:45:07Z,102.0
2023-02-25T12:45:17Z,100.0
2023-02-25T12:45:22Z,99.0
2023-02-25T12:45:32Z,100.0
2023-02-25T12:45:37Z,100.0
2023-02-25T12:45:42Z,98.0
2023-02-25T12:45:47Z,97.0
2023-02-25T12:45:52Z,96.0
2023-02-25T12:45:57Z,97.0
2023-02-25T12:46:07Z,96.0
2023-02-25T12:46:22Z,96.0
2023-02-25T12:46:27Z,97.0
2023-02-25T12:46:32Z,94.0
2023-02-25T12:46:37Z,95.0
2023-02-25T12:46:47Z,96.0
2023-02-25T12:46:52Z,91.0
2023-02-25T12:46:57Z,90.0
2023-02-25T12:47:02Z,89.0
2023-02-25T12:47:07Z,91.0
2023-02-25T12:47:17Z,90.0
2023-02-25T12:47:27Z,91.0
2023-02-25T12:47:32Z,90.0
2023-02-25T12:47:37Z,92.0
2023-02-25T12:47:42Z,94.0
2023-02-25T12:47:47Z,96.0
2023-02-25T12:47:57Z,97.0
2023-02-25T12:48:02Z,96.0
2023-02-25T12:48:07Z,92.0
2023-02-25T12:48:17Z,91.0
2023-02-25T12:48:22Z,90.0
2023-02-25T12:48:27Z,89.0
2023-02-25T12:48:32Z,90.0
2023-02-25T12:48:37Z,93.0
2023-02-25T12:48:42Z,92.0
2023-02-25T12:48:47Z,91.0
2023-02-25T12:49:02Z,90.0
2023-02-25T12:49:07Z,93.0
2023-02-25T12:49:12Z,94.0
2023-02-25T12:49:27Z,96.0
2023-02-25T12:49:32Z,93.0
2023-02-25T12:49:37Z,90.0
2023-02-25T12:49:42Z,89.0
2023-02-25T12:49:47Z,88.0
2023-02-25T12:49:52Z,90.0
2023-02-25T12:50:02Z,87.0
2023-02-25T12:50:07Z,88.0
2023-02-25T12:50:12Z,90.0
2023-02-25T12:50:17Z,91.0
2023-02-25T12:50:27Z,90.0
2023-02-25T12:50:37Z,90.0
2023-02-25T12:50:42Z,90.0
2023-02-25T12:50:47Z,91.0
2023-02-25T12:50:52Z,92.0
2023-02-25T12:51:07Z,91.0
2023-02-25T12:51:22Z,90.0
2023-02-25T12:51:27Z,91.0
2023-02-25T12:51:32Z,93.0
2023-02-25T12:51:37Z,92.0
2023-02-25T12:51:42Z,92.0
2023-02-25T12:51:57Z,90.0
2023-02-25T12:52:02Z,89.0
2023-02-25T12:52:07Z,90.0
2023-02-25T12:52:12Z,91.0
2023-02-25T12:52:17Z,89.0
2023-02-25T12:52:32Z,89.0
2023-02-25T12:52:42Z,90.0
2023-02-25T12:52:47Z,91.0
2023-02-25T12:52:57Z,90.0
2023-02-25T12:53:02Z,91.0
2023-02-25T12:53:07Z,90.0
2023-02-25T12:53:17Z,89.0
2023-02-25T12:53:22Z,88.0
2023-02-25T12:53:27Z,89.0
2023-02-25T12:53:32Z,90.0
2023-02-25T12:53:37Z,91.0
2023-02-25T12:53:42Z,90.0
2023-02-25T12:53:47Z,91.0
2023-02-25T12:53:52Z,92.0
2023-02-25T12:53:57Z,93.0
2023-02-25T12:54:02Z,92.0
2023-02-25T12:54:07Z,88.0
2023-02-25T12:54:12Z,87.0
2023-02-25T12:54:17Z,85.0
2023-02-25T12:54:22Z,86.0
2023-02-25T12:54:27Z,90.0
2023-02-25T12:54:32Z,90.0
2023-02-25T12:54:37Z,89.0
2023-02-25T12:54:42Z,91.0
2023-02-25T12:54:52Z,90.0
2023-02-25T12:54:57Z,89.0
2023-02-25T12:55:02Z,90.0
2023-02-25T12:55:07Z,92.0
2023-02-25T12:55:12Z,91.0
2023-02-25T12:55:17Z,89.0
2023-02-25T12:55:27Z,87.0
2023-02-25T12:55:42Z,87.0
2023-02-25T12:55:47Z,91.0
2023-02-25T12:55:52Z,93.0
2023-02-25T12:56:07Z,91.0
2023-02-25T12:56:12Z,92.0
2023-02-25T12:56:17Z,91.0
2023-02-25T12:56:22Z,90.0
2023-02-25T12:56:27Z,89.0
2023-02-25T12:56:32Z,90.0
2023-02-25T12:56:37Z,89.0
2023-02-25T12:56:42Z,92.0
2023-02-25T12:56:52Z,91.0
2023-02-25T12:56:57Z,92.0
2023-02-25T12:57:02Z,93.0
2023-02-25T12:57:12Z,92.0
2023-02-25T12:57:17Z,93.0
2023-02-25T12:57:27Z,91.0
2023-02-25T12:57:32Z,92.0
2023-02-25T12:57:37Z,93.0
2023-02-25T12:57:42Z,89.0
2023-02-25T12:57:52Z,88.0
2023-02-25T12:57:57Z,86.0
2023-02-25T12:58:02Z,87.0
2023-02-25T12:58:17Z,87.0
2023-02-25T12:58:22Z,89.0
2023-02-25T12:58:27Z,92.0
2023-02-25T12:58:32Z,93.0
2023-02-25T12:58:37Z,94.0
2023-02-25T12:58:42Z,92.0
2023-02-25T12:58:47Z,90.0
2023-02-25T12:58:57Z,92.0
2023-02-25T12:59:02Z,89.0
2023-02-25T12:59:07Z,88.0
2023-02-25T12:59:17Z,90.0
2023-02-25T12:59:22Z,91.0
2023-02-25T12:59:27Z,94.0
2023-02-25T12:59:32Z,96.0
2023-02-25T12:59:37Z,98.0
2023-02-25T12:59:42Z,100.0
2023-02-25T12:59:47Z,103.0
2023-02-25T12:59:52Z,106.0
2023-02-25T12:59:57Z,109.0
2023-02-25T13:00:02Z,108.0
2023-02-25T13:00:07Z,109.0
2023-02-25T13:00:12Z,110.0
2023-02-25T13:00:17Z,111.0
2023-02-25T13:00:27Z,110.0
2023-02-25T13:00:32Z,108.0
2023-02-25T13:00:37Z,107.0
2023-02-25T13:00:42Z,106.0
2023-02-25T13:00:57Z,105.0
2023-02-25T13:01:02Z,104.0
2023-02-25T13:01:07Z,102.0
2023-02-25T13:01:17Z,101.0
2023-02-25T13:01:22Z,100.0
2023-02-25T13:01:27Z,99.0
2023-02-25T13:01:32Z,100.0
2023-02-25T13:01:37Z,101.0
2023-02-25T13:01:47Z,99.0
2023-02-25T13:01:52Z,97.0
2023-02-25T13:02:07Z,97.0
2023-02-25T13:02:17Z,96.0
2023-02-25T13:02:22Z,98.0
2023-02-25T13:02:27Z,101.0
2023-02-25T13:02:42Z,102.0
2023-02-25T13:02:47Z,101.0
2023-02-25T13:02:52Z,98.0
2023-02-25T13:03:02Z,97.0
2023-02-25T13:03:07Z,94.0
2023-02-25T13:03:12Z,93.0
2023-02-25T13:03:17Z,96.0
2023-02-25T13:03:22Z,97.0
2023-02-25T13:03:37Z,97.0
2023-02-25T13:03:52Z,95.0
2023-02-25T13:03:57Z,93.0
2023-02-25T13:04:02Z,91.0
2023-02-25T13:04:07Z,92.0
2023-02-25T13:04:12Z,91.0
2023-02-25T13:04:17Z,90.0
2023-02-25T13:04:27Z,92.0
2023-02-25T13:04:32Z,91.0
2023-02-25T13:04:47Z,90.0
2023-02-25T13:04:52Z,87.0
2023-02-25T13:05:07Z,87.0
2023-02-25T13:05:12Z,89.0
2023-02-25T13:05:17Z,88.0
2023-02-25T13:05:27Z,89.0
2023-02-25T13:05:32Z,88.0
2023-02-25T13:05:47Z,88.0
2023-02-25T13:05:52Z,89.0
2023-02-25T13:05:57Z,90.0
2023-02-25T13:06:02Z,92.0
2023-02-25T13:06:07Z,93.0
2023-02-25T13:06:17Z,90.0
2023-02-25T13:06:22Z,89.0
2023-02-25T13:06:37Z,90.0
2023-02-25T13:06:47Z,91.0
2023-02-25T13:06:52Z,92.0
2023-02-25T13:06:57Z,92.0
2023-02-25T13:07:02Z,93.0
2023-02-25T13:07:07Z,92.0
2023-02-25T13:07:12Z,90.0
2023-02-25T13:07:17Z,89.0
2023-02-25T13:07:22Z,92.0
2023-02-25T13:07:27Z,91.0
2023-02-25T13:07:32Z,90.0
2023-02-25T13:07:37Z,89.0
2023-02-25T13:07:42Z,87.0
2023-02-25T13:07:47Z,88.0
2023-02-25T13:08:02Z,88.0
2023-02-25T13:08:07Z,87.0
2023-02-25T13:08:12Z,88.0
2023-02-25T13:08:17Z,89.0
2023-02-25T13:08:22Z,90.0
2023-02-25T13:08:27Z,89.0
2023-02-25T13:08:32Z,90.0
2023-02-25T13:08:37Z,89.0
2023-02-25T13:08:42Z,90.0
2023-02-25T13:08:47Z,89.0
2023-02-25T13:08:52Z,88.0
2023-02-25T13:08:57Z,88.0
2023-02-25T13:09:02Z,87.0
2023-02-25T13:09:12Z,89.0
2023-02-25T13:09:17Z,90.0
2023-02-25T13:09:22Z,91.0
2023-02-25T13:09:27Z,90.0
2023-02-25T13:09:32Z,89.0
2023-02-25T13:09:37Z,90.0
2023-02-25T13:09:47Z,89.0
2023-02-25T13:09:52Z,87.0
2023-02-25T13:09:57Z,89.0
2023-02-25T13:10:02Z,92.0
2023-02-25T13:10:07Z,93.0
2023-02-25T13:10:17Z,92.0
2023-02-25T13:10:27Z,94.0
2023-02-25T13:10:32Z,92.0
2023-02-25T13:10:37Z,91.0
2023-02-25T13:10:42Z,92.0
2023-02-25T13:10:47Z,91.0
2023-02-25T13:10:52Z,89.0
2023-02-25T13:10:57Z,87.0
2023-02-25T13:11:02Z,88.0
2023-02-25T13:11:07Z,89.0
2023-02-25T13:11:12Z,92.0
2023-02-25T13:11:22Z,90.0
2023-02-25T13:11:27Z,89.0
2023-02-25T13:11:32Z,88.0
2023-02-25T13:11:37Z,88.0
2023-02-25T13:11:42Z,87.0
2023-02-25T13:11:47Z,88.0
2023-02-25T13:11:52Z,90.0
2023-02-25T13:12:07Z,90.0
2023-02-25T13:12:12Z,89.0
2023-02-25T13:12:17Z,88.0
2023-02-25T13:12:22Z,87.0
2023-02-25T13:12:32Z,88.0
2023-02-25T13:12:37Z,89.0
2023-02-25T13:12:42Z,91.0
2023-02-25T13:12:47Z,89.0
2023-02-25T13:12:57Z,90.0
2023-02-25T13:13:07Z,89.0
2023-02-25T13:13:12Z,85.0
2023-02-25T13:13:17Z,86.0
2023-02-25T13:13:22Z,88.0
2023-02-25T13:13:27Z,89.0
2023-02-25T13:13:32Z,88.0
2023-02-25T13:13:37Z,86.0
2023-02-25T13:13:47Z,87.0
2023-02-25T13:13:52Z,88.0
2023-02-25T13:14:02Z,87.0
2023-02-25T13:14:12Z,88.0
2023-02-25T13:14:17Z,89.0
2023-02-25T13:14:22Z,90.0
2023-02-25T13:14:27Z,89.0
2023-02-25T13:14:32Z,88.0
2023-02-25T13:14:37Z,87.0
2023-02-25T13:14:42Z,86.0
2023-02-25T13:14:47Z,85.0
2023-02-25T13:14:52Z,88.0
2023-02-25T13:14:57Z,90.0
2023-02-25T13:15:02Z,91.0
2023-02-25T13:15:12Z,90.0
2023-02-25T13:15:17Z,89.0
2023-02-25T13:15:22Z,88.0
2023-02-25T13:15:32Z,91.0
2023-02-25T13:15:42Z,92.0
2023-02-25T13:15:47Z,87.0
2023-02-25T13:15:52Z,85.0
2023-02-25T13:15:57Z,84.0
2023-02-25T13:16:07Z,87.0
2023-02-25T13:16:12Z,89.0
2023-02-25T13:16:27Z,87.0
2023-02-25T13:16:32Z,86.0
2023-02-25T13:16:42Z,87.0
2023-02-25T13:16:47Z,88.0
2023-02-25T13:17:02Z,88.0
2023-02-25T13:17:07Z,89.0
2023-02-25T13:17:17Z,88.0
2023-02-25T13:17:32Z,89.0
2023-02-25T13:17:37Z,91.0
2023-02-25T13:17:42Z,90.0
2023-02-25T13:17:47Z,88.0
2023-02-25T13:17:52Z,86.0
2023-02-25T13:17:57Z,86.0
2023-02-25T13:18:02Z,87.0
2023-02-25T13:18:07Z,89.0
2023-02-25T13:18:12Z,93.0
2023-02-25T13:18:17Z,94.0
2023-02-25T13:18:22Z,93.0
2023-02-25T13:18:27Z,94.0
2023-02-25T13:18:32Z,95.0
2023-02-25T13:18:37Z,96.0
2023-02-25T13:18:42Z,98.0
2023-02-25T13:18:47Z,97.0
2023-02-25T13:18:52Z,98.0
2023-02-25T13:18:57Z,96.0
2023-02-25T13:19:12Z,98.0
2023-02-25T13:19:17Z,101.0
2023-02-25T13:19:32Z,101.0
2023-02-25T13:19:37Z,100.0
2023-02-25T13:19:47Z,99.0
2023-02-25T13:19:57Z,98.0
2023-02-25T13:20:07Z,96.0
2023-02-25T13:20:17Z,95.0
2023-02-25T13:20:22Z,94.0
2023-02-25T13:20:27Z,95.0
2023-02-25T13:20:32Z,96.0
2023-02-25T13:20:37Z,97.0
2023-02-25T13:20:47Z,98.0
2023-02-25T13:20:52Z,98.0
2023-02-25T13:21:07Z,98.0
2023-02-25T13:21:12Z,99.0
2023-02-25T13:21:22Z,96.0
2023-02-25T13:21:27Z,93.0
2023-02-25T13:21:32Z,91.0
2023-02-25T13:21:37Z,90.0
2023-02-25T13:21:42Z,91.0
2023-02-25T13:21:47Z,92.0
2023-02-25T13:21:52Z,94.0
2023-02-25T13:21:57Z,95.0
2023-02-25T13:22:02Z,94.0
2023-02-25T13:22:17Z,93.0
2023-02-25T13:22:27Z,99.0
2023-02-25T13:22:32Z,104.0
2023-02-25T13:22:37Z,107.0
2023-02-25T13:22:42Z,106.0
2023-02-25T13:22:47Z,102.0
2023-02-25T13:22:57Z,104.0
2023-02-25T13:23:02Z,105.0
2023-02-25T13:23:12Z,104.0
2023-02-25T13:23:17Z,103.0
2023-02-25T13:23:22Z,101.0
2023-02-25T13:23:27Z,100.0
2023-02-25T13:23:32Z,97.0
2023-02-25T13:23:37Z,96.0
2023-02-25T13:23:47Z,97.0
2023-02-25T13:23:57Z,96.0
2023-02-25T13:24:02Z,95.0
2023-02-25T13:24:07Z,94.0
2023-02-25T13:24:12Z,91.0
2023-02-25T13:24:17Z,90.0
2023-02-25T13:24:22Z,92.0
2023-02-25T13:24:27Z,95.0
2023-02-25T13:24:32Z,94.0
2023-02-25T13:24:37Z,93.0
2023-02-25T13:24:42Z,92.0
2023-02-25T13:24:47Z,91.0
2023-02-25T13:24:52Z,89.0
2023-02-25T13:24:57Z,90.0
2023-02-25T13:25:07Z,89.0
2023-02-25T13:25:12Z,91.0
2023-02-25T13:25:17Z,92.0
2023-02-25T13:25:27Z,92.0
2023-02-25T13:25:32Z,91.0
2023-02-25T13:25:37Z,90.0
2023-02-25T13:25:47Z,91.0
2023-02-25T13:25:52Z,92.0
2023-02-25T13:25:57Z,96.0
2023-02-25T13:26:02Z,98.0
2023-02-25T13:26:07Z,100.0
2023-02-25T13:26:22Z,99.0
2023-02-25T13:26:32Z,98.0
2023-02-25T13:26:37Z,96.0
2023-02-25T13:26:52Z,96.0
2023-02-25T13:26:57Z,95.0
2023-02-25T13:27:02Z,97.0
2023-02-25T13:27:07Z,98.0
2023-02-25T13:27:12Z,97.0
2023-02-25T13:27:17Z,98.0
2023-02-25T13:27:27Z,94.0
2023-02-25T13:27:37Z,96.0
2023-02-25T13:27:47Z,97.0
2023-02-25T13:27:52Z,96.0
2023-02-25T13:27:57Z,97.0
2023-02-25T13:28:02Z,98.0
2023-02-25T13:28:07Z,103.0
2023-02-25T13:28:12Z,105.0
2023-02-25T13:28:17Z,104.0
2023-02-25T13:28:27Z,102.0
2023-02-25T13:28:32Z,100.0
2023-02-25T13:28:37Z,102.0
2023-02-25T13:28:42Z,104.0
2023-02-25T13:28:52Z,102.0
2023-02-25T13:29:02Z,101.0
2023-02-25T13:29:07Z,99.0
2023-02-25T13:29:12Z,96.0
2023-02-25T13:29:17Z,93.0
2023-02-25T13:29:22Z,87.0
2023-02-25T13:29:27Z,85.0
2023-02-25T13:29:32Z,86.0
2023-02-25T13:29:37Z,86.0
2023-02-25T13:29:42Z,87.0
2023-02-25T13:29:47Z,85.0
2023-02-25T13:29:52Z,83.0
2023-02-25T13:29:57Z,84.0
2023-02-25T13:30:02Z,85.0
2023-02-25T13:30:07Z,87.0
2023-02-25T13:30:17Z,86.0
2023-02-25T13:30:22Z,86.0
2023-02-25T13:30:27Z,84.0
2023-02-25T13:30:32Z,82.0
2023-02-25T13:30:37Z,82.0
2023-02-25T13:30:42Z,85.0
2023-02-25T13:30:47Z,86.0
2023-02-25T13:30:52Z,84.0
2023-02-25T13:30:57Z,81.0
2023-02-25T13:31:02Z,80.0
2023-02-25T13:31:07Z,79.0
2023-02-25T13:31:12Z,80.0
2023-02-25T13:31:17Z,83.0
2023-02-25T13:31:22Z,88.0
2023-02-25T13:31:37Z,90.0
2023-02-25T13:31:42Z,94.0
2023-02-25T13:31:47Z,97.0
2023-02-25T13:31:52Z,96.0
2023-02-25T13:32:02Z,95.0
2023-02-25T13:32:12Z,100.0
2023-02-25T13:32:22Z,99.0
2023-02-25T13:32:32Z,98.0
2023-02-25T13:32:37Z,100.0
2023-02-25T13:32:42Z,99.0
2023-02-25T13:32:47Z,96.0
2023-02-25T13:32:52Z,93.0
2023-02-25T13:32:57Z,98.0
2023-02-25T13:33:07Z,96.0
2023-02-25T13:33:17Z,94.0
2023-02-25T13:33:22Z,93.0
2023-02-25T13:33:27Z,95.0
2023-02-25T13:33:32Z,98.0
2023-02-25T13:33:37Z,99.0
2023-02-25T13:33:42Z,98.0
2023-02-25T13:33:47Z,97.0
2023-02-25T13:33:57Z,95.0
2023-02-25T13:34:07Z,94.0
2023-02-25T13:34:12Z,97.0
2023-02-25T13:34:17Z,95.0
2023-02-25T13:34:22Z,93.0
2023-02-25T13:34:32Z,93.0
2023-02-25T13:34:37Z,91.0
2023-02-25T13:34:42Z,90.0
2023-02-25T13:34:47Z,88.0
2023-02-25T13:34:52Z,86.0
