timestamp,beats per minute
2024-03-20T03:57:58Z,59.0
2024-03-20T03:58:03Z,96.0
2024-03-20T03:58:08Z,93.0
2024-03-20T03:58:13Z,87.0
2024-03-20T03:58:18Z,88.0
2024-03-20T03:58:23Z,81.0
2024-03-20T03:58:28Z,70.0
2024-03-20T03:58:33Z,63.0
2024-03-20T03:58:38Z,60.0
2024-03-20T03:58:43Z,59.0
2024-03-20T03:58:48Z,57.0
2024-03-20T03:58:53Z,58.0
2024-03-20T03:58:58Z,59.0
2024-03-20T03:59:08Z,59.0
2024-03-20T03:59:13Z,60.0
2024-03-20T03:59:18Z,61.0
2024-03-20T03:59:28Z,62.0
2024-03-20T03:59:33Z,64.0
2024-03-20T03:59:38Z,63.0
2024-03-20T03:59:43Z,65.0
2024-03-20T03:59:48Z,63.0
2024-03-20T03:59:53Z,62.0
2024-03-20T03:59:58Z,61.0
2024-03-20T04:00:03Z,60.0
2024-03-20T04:00:08Z,59.0
2024-03-20T04:00:13Z,61.0
2024-03-20T04:00:18Z,61.0
2024-03-20T04:00:28Z,62.0
2024-03-20T04:00:33Z,61.0
2024-03-20T04:00:38Z,59.0
2024-03-20T04:00:43Z,61.0
2024-03-20T04:00:58Z,64.0
2024-03-20T04:01:03Z,62.0
2024-03-20T04:01:08Z,60.0
2024-03-20T04:01:13Z,60.0
2024-03-20T04:01:18Z,61.0
2024-03-20T04:01:23Z,60.0
2024-03-20T04:01:28Z,59.0
2024-03-20T04:01:33Z,58.0
2024-03-20T04:01:38Z,58.0
2024-03-20T04:01:43Z,59.0
2024-03-20T04:01:48Z,60.0
2024-03-20T04:01:53Z,65.0
2024-03-20T04:01:58Z,67.0
2024-03-20T04:02:03Z,64.0
2024-03-20T04:02:08Z,63.0
2024-03-20T04:02:13Z,62.0
2024-03-20T04:02:23Z,63.0
2024-03-20T04:02:28Z,68.0
2024-03-20T04:02:33Z,71.0
2024-03-20T04:02:38Z,69.0
2024-03-20T04:02:43Z,67.0
2024-03-20T04:02:48Z,65.0
2024-03-20T04:02:53Z,66.0
2024-03-20T04:02:58Z,61.0
2024-03-20T04:03:05Z,58.0
2024-03-20T04:03:15Z,57.0
2024-03-20T04:03:20Z,55.0
2024-03-20T04:03:30Z,56.0
2024-03-20T04:03:35Z,57.0
2024-03-20T04:03:40Z,60.0
2024-03-20T04:03:50Z,62.0
2024-03-20T04:03:55Z,62.0
2024-03-20T04:04:00Z,60.0
2024-03-20T04:04:05Z,58.0
2024-03-20T04:04:10Z,57.0
2024-03-20T04:04:20Z,56.0
2024-03-20T04:04:25Z,55.0
2024-03-20T04:04:30Z,55.0
2024-03-20T04:04:35Z,55.0
2024-03-20T04:04:40Z,56.0
2024-03-20T04:04:50Z,55.0
2024-03-20T04:04:55Z,53.0
2024-03-20T04:05:10Z,55.0
2024-03-20T04:05:15Z,56.0
2024-03-20T04:05:25Z,59.0
2024-03-20T04:05:35Z,59.0
2024-03-20T04:05:40Z,58.0
2024-03-20T04:05:45Z,57.0
2024-03-20T04:05:50Z,58.0
2024-03-20T04:06:05Z,57.0
2024-03-20T04:06:10Z,56.0
2024-03-20T04:06:15Z,55.0
2024-03-20T04:06:20Z,55.0
2024-03-20T04:06:30Z,57.0
2024-03-20T04:06:35Z,56.0
2024-03-20T04:06:40Z,56.0
2024-03-20T04:06:45Z,57.0
2024-03-20T04:06:55Z,58.0
2024-03-20T04:07:00Z,62.0
2024-03-20T04:07:05Z,63.0
2024-03-20T04:07:10Z,62.0
2024-03-20T04:07:15Z,60.0
2024-03-20T04:07:30Z,59.0
2024-03-20T04:07:35Z,58.0
2024-03-20T04:07:40Z,56.0
2024-03-20T04:07:45Z,55.0
2024-03-20T04:07:55Z,60.0
2024-03-20T04:08:00Z,62.0
2024-03-20T04:08:05Z,59.0
2024-03-20T04:08:10Z,57.0
2024-03-20T04:08:15Z,55.0
2024-03-20T04:08:20Z,56.0
2024-03-20T04:08:30Z,59.0
2024-03-20T04:08:35Z,63.0
2024-03-20T04:08:42Z,63.0
2024-03-20T04:08:47Z,62.0
2024-03-20T04:08:52Z,61.0
2024-03-20T04:08:57Z,59.0
2024-03-20T04:09:02Z,56.0
2024-03-20T04:09:17Z,58.0
2024-03-20T04:09:22Z,62.0
2024-03-20T04:09:27Z,64.0
2024-03-20T04:09:32Z,62.0
2024-03-20T04:09:37Z,60.0
2024-03-20T04:09:42Z,60.0
2024-03-20T04:09:47Z,60.0
2024-03-20T04:09:52Z,59.0
2024-03-20T04:09:57Z,60.0
2024-03-20T04:10:02Z,62.0
2024-03-20T04:10:12Z,64.0
2024-03-20T04:10:17Z,62.0
2024-03-20T04:10:22Z,61.0
2024-03-20T04:10:32Z,59.0
2024-03-20T04:10:37Z,58.0
2024-03-20T04:10:42Z,60.0
2024-03-20T04:10:52Z,58.0
2024-03-20T04:10:57Z,56.0
2024-03-20T04:11:12Z,57.0
2024-03-20T04:11:27Z,57.0
2024-03-20T04:11:37Z,58.0
2024-03-20T04:11:42Z,59.0
2024-03-20T04:11:47Z,61.0
2024-03-20T04:11:52Z,62.0
2024-03-20T04:12:02Z,62.0
2024-03-20T04:12:07Z,61.0
2024-03-20T04:12:17Z,60.0
2024-03-20T04:12:22Z,62.0
2024-03-20T04:12:37Z,61.0
2024-03-20T04:12:42Z,60.0
2024-03-20T04:12:52Z,62.0
2024-03-20T04:13:02Z,64.0
2024-03-20T04:13:12Z,62.0
2024-03-20T04:13:22Z,61.0
2024-03-20T04:13:32Z,62.0
2024-03-20T04:13:37Z,64.0
2024-03-20T04:13:42Z,63.0
2024-03-20T04:13:47Z,62.0
2024-03-20T04:13:52Z,63.0
2024-03-20T04:13:57Z,62.0
2024-03-20T04:14:12Z,63.0
2024-03-20T04:14:17Z,64.0
2024-03-20T04:14:27Z,65.0
2024-03-20T04:14:32Z,64.0
2024-03-20T04:14:37Z,62.0
2024-03-20T04:14:42Z,63.0
2024-03-20T04:14:47Z,64.0
2024-03-20T04:15:02Z,65.0
2024-03-20T04:15:07Z,66.0
2024-03-20T04:15:12Z,67.0
2024-03-20T04:15:17Z,69.0
2024-03-20T04:15:22Z,67.0
2024-03-20T04:15:27Z,64.0
2024-03-20T04:15:37Z,72.0
2024-03-20T04:15:42Z,79.0
2024-03-20T04:15:47Z,82.0
2024-03-20T04:15:52Z,74.0
2024-03-20T04:15:57Z,70.0
2024-03-20T04:16:02Z,68.0
2024-03-20T04:16:07Z,67.0
2024-03-20T04:16:12Z,64.0
2024-03-20T04:16:17Z,63.0
2024-03-20T04:16:22Z,64.0
2024-03-20T04:16:27Z,65.0
2024-03-20T04:16:32Z,64.0
2024-03-20T04:16:37Z,65.0
2024-03-20T04:16:42Z,66.0
2024-03-20T04:16:47Z,67.0
2024-03-20T04:16:52Z,64.0
2024-03-20T04:16:57Z,61.0
2024-03-20T04:17:02Z,58.0
2024-03-20T04:17:07Z,57.0
2024-03-20T04:17:12Z,55.0
2024-03-20T04:17:17Z,57.0
2024-03-20T04:17:27Z,59.0
2024-03-20T04:17:32Z,60.0
2024-03-20T04:17:47Z,60.0
2024-03-20T04:17:57Z,59.0
2024-03-20T04:18:07Z,60.0
2024-03-20T04:18:12Z,61.0
2024-03-20T04:18:17Z,60.0
2024-03-20T04:18:27Z,61.0
2024-03-20T04:18:37Z,60.0
2024-03-20T04:18:42Z,58.0
2024-03-20T04:18:52Z,59.0
2024-03-20T04:18:57Z,60.0
2024-03-20T04:19:02Z,60.0
2024-03-20T04:19:17Z,61.0
2024-03-20T04:19:22Z,62.0
2024-03-20T04:19:27Z,60.0
2024-03-20T04:19:37Z,63.0
2024-03-20T04:19:52Z,64.0
2024-03-20T04:19:57Z,63.0
2024-03-20T04:20:02Z,62.0
2024-03-20T04:20:07Z,64.0
2024-03-20T04:20:17Z,63.0
2024-03-20T04:20:22Z,61.0
2024-03-20T04:20:27Z,59.0
2024-03-20T04:20:37Z,60.0
2024-03-20T04:20:42Z,64.0
2024-03-20T04:20:47Z,66.0
2024-03-20T04:20:57Z,64.0
2024-03-20T04:21:02Z,63.0
2024-03-20T04:21:07Z,64.0
2024-03-20T04:21:12Z,66.0
2024-03-20T04:21:17Z,67.0
2024-03-20T04:21:22Z,65.0
2024-03-20T04:21:27Z,62.0
2024-03-20T04:21:32Z,61.0
2024-03-20T04:21:37Z,62.0
2024-03-20T04:21:42Z,61.0
2024-03-20T04:21:47Z,62.0
2024-03-20T04:22:02Z,64.0
2024-03-20T04:22:12Z,65.0
2024-03-20T04:22:22Z,63.0
2024-03-20T04:22:32Z,64.0
2024-03-20T04:22:37Z,62.0
2024-03-20T04:22:42Z,61.0
2024-03-20T04:22:47Z,59.0
2024-03-20T04:22:57Z,61.0
2024-03-20T04:23:02Z,63.0
2024-03-20T04:23:07Z,64.0
2024-03-20T04:23:12Z,66.0
2024-03-20T04:23:17Z,67.0
2024-03-20T04:23:27Z,75.0
2024-03-20T04:23:32Z,80.0
2024-03-20T04:23:42Z,79.0
2024-03-20T04:23:47Z,80.0
2024-03-20T04:23:52Z,83.0
2024-03-20T04:23:57Z,82.0
2024-03-20T04:24:07Z,81.0
2024-03-20T04:24:12Z,84.0
2024-03-20T04:24:17Z,83.0
2024-03-20T04:24:22Z,78.0
2024-03-20T04:24:27Z,76.0
2024-03-20T04:24:32Z,78.0
2024-03-20T04:24:37Z,81.0
2024-03-20T04:24:42Z,84.0
2024-03-20T04:24:52Z,83.0
2024-03-20T04:24:57Z,76.0
2024-03-20T04:25:02Z,71.0
2024-03-20T04:25:07Z,72.0
2024-03-20T04:25:22Z,70.0
2024-03-20T04:25:32Z,72.0
2024-03-20T04:25:37Z,74.0
2024-03-20T04:25:42Z,73.0
2024-03-20T04:25:47Z,71.0
2024-03-20T04:25:52Z,70.0
2024-03-20T04:25:57Z,73.0
2024-03-20T04:26:02Z,76.0
2024-03-20T04:26:07Z,77.0
2024-03-20T04:26:17Z,76.0
2024-03-20T04:26:32Z,75.0
2024-03-20T04:26:37Z,71.0
2024-03-20T04:26:42Z,68.0
2024-03-20T04:26:47Z,68.0
2024-03-20T04:26:57Z,66.0
2024-03-20T04:27:02Z,64.0
2024-03-20T04:27:17Z,64.0
2024-03-20T04:27:22Z,69.0
2024-03-20T04:27:27Z,68.0
2024-03-20T04:27:32Z,65.0
2024-03-20T04:27:37Z,66.0
2024-03-20T04:27:42Z,65.0
2024-03-20T04:27:52Z,63.0
2024-03-20T04:28:07Z,63.0
2024-03-20T04:28:12Z,62.0
2024-03-20T04:28:17Z,64.0
2024-03-20T04:28:22Z,63.0
2024-03-20T04:28:27Z,64.0
2024-03-20T04:28:37Z,66.0
2024-03-20T04:28:42Z,67.0
2024-03-20T04:28:47Z,68.0
2024-03-20T04:28:52Z,69.0
2024-03-20T04:28:57Z,72.0
2024-03-20T04:29:07Z,77.0
2024-03-20T04:29:17Z,75.0
2024-03-20T04:29:22Z,76.0
2024-03-20T04:29:27Z,73.0
2024-03-20T04:29:32Z,71.0
2024-03-20T04:29:37Z,68.0
2024-03-20T04:29:42Z,69.0
2024-03-20T04:29:47Z,69.0
2024-03-20T04:30:02Z,67.0
2024-03-20T04:30:07Z,66.0
2024-03-20T04:30:17Z,69.0
2024-03-20T04:30:22Z,71.0
2024-03-20T04:30:27Z,74.0
2024-03-20T04:30:32Z,76.0
2024-03-20T04:30:37Z,78.0
2024-03-20T04:30:42Z,76.0
2024-03-20T04:30:47Z,73.0
2024-03-20T04:30:52Z,68.0
2024-03-20T04:30:57Z,67.0
2024-03-20T04:31:02Z,71.0
2024-03-20T04:31:07Z,72.0
2024-03-20T04:31:12Z,73.0
2024-03-20T04:31:17Z,75.0
2024-03-20T04:31:22Z,76.0
2024-03-20T04:31:27Z,77.0
2024-03-20T04:31:32Z,79.0
2024-03-20T04:31:37Z,81.0
2024-03-20T04:31:47Z,77.0
2024-03-20T04:31:52Z,78.0
2024-03-20T04:31:57Z,79.0
2024-03-20T04:32:02Z,75.0
2024-03-20T04:32:07Z,72.0
2024-03-20T04:32:12Z,68.0
2024-03-20T04:32:17Z,64.0
2024-03-20T04:32:22Z,61.0
2024-03-20T04:32:27Z,59.0
2024-03-20T04:32:37Z,60.0
2024-03-20T04:32:42Z,58.0
2024-03-20T04:32:57Z,59.0
2024-03-20T04:33:07Z,61.0
2024-03-20T04:33:17Z,59.0
2024-03-20T04:33:22Z,60.0
2024-03-20T04:33:27Z,59.0
2024-03-20T04:33:32Z,58.0
2024-03-20T04:33:37Z,59.0
2024-03-20T04:33:47Z,60.0
2024-03-20T04:33:52Z,64.0
2024-03-20T04:33:58Z,65.0
2024-03-20T04:34:03Z,66.0
2024-03-20T04:34:08Z,64.0
2024-03-20T04:34:13Z,63.0
2024-03-20T04:34:23Z,64.0
2024-03-20T04:34:33Z,65.0
2024-03-20T04:34:38Z,69.0
2024-03-20T04:34:43Z,70.0
2024-03-20T04:34:48Z,68.0
2024-03-20T04:34:53Z,66.0
2024-03-20T04:34:58Z,64.0
2024-03-20T04:35:03Z,63.0
2024-03-20T04:35:08Z,62.0
2024-03-20T04:35:13Z,63.0
2024-03-20T04:35:18Z,64.0
2024-03-20T04:35:23Z,72.0
2024-03-20T04:35:33Z,68.0
2024-03-20T04:35:38Z,65.0
2024-03-20T04:35:43Z,63.0
2024-03-20T04:35:53Z,62.0
2024-03-20T04:35:58Z,60.0
2024-03-20T04:36:08Z,61.0
2024-03-20T04:36:13Z,65.0
2024-03-20T04:36:18Z,68.0
2024-03-20T04:36:23Z,70.0
2024-03-20T04:36:28Z,69.0
2024-03-20T04:36:33Z,68.0
2024-03-20T04:36:43Z,66.0
2024-03-20T04:36:48Z,68.0
2024-03-20T04:36:53Z,75.0
2024-03-20T04:37:03Z,68.0
2024-03-20T04:37:13Z,67.0
2024-03-20T04:37:18Z,65.0
2024-03-20T04:37:28Z,63.0
2024-03-20T04:37:33Z,62.0
2024-03-20T04:37:38Z,61.0
2024-03-20T04:37:53Z,61.0
2024-03-20T04:37:58Z,62.0
2024-03-20T04:38:03Z,61.0
2024-03-20T04:38:08Z,59.0
2024-03-20T04:38:18Z,62.0
2024-03-20T04:38:23Z,61.0
2024-03-20T04:38:38Z,67.0
2024-03-20T04:38:43Z,71.0
2024-03-20T04:38:48Z,65.0
2024-03-20T04:38:53Z,64.0
2024-03-20T04:38:58Z,62.0
2024-03-20T04:39:03Z,59.0
2024-03-20T04:39:13Z,60.0
2024-03-20T04:39:18Z,62.0
2024-03-20T04:39:23Z,63.0
2024-03-20T04:39:33Z,65.0
2024-03-20T04:39:43Z,66.0
2024-03-20T04:39:48Z,66.0
2024-03-20T04:39:53Z,65.0
2024-03-20T04:40:03Z,66.0
2024-03-20T04:40:08Z,65.0
2024-03-20T04:40:13Z,64.0
2024-03-20T04:40:18Z,65.0
2024-03-20T04:40:28Z,66.0
2024-03-20T04:40:33Z,64.0
2024-03-20T04:40:38Z,63.0
2024-03-20T04:40:43Z,64.0
2024-03-20T04:40:48Z,62.0
2024-03-20T04:40:53Z,60.0
2024-03-20T04:40:58Z,59.0
2024-03-20T04:41:13Z,59.0
2024-03-20T04:41:18Z,58.0
2024-03-20T04:41:23Z,59.0
2024-03-20T04:41:28Z,60.0
2024-03-20T04:41:33Z,65.0
2024-03-20T04:41:38Z,69.0
2024-03-20T04:41:48Z,71.0
2024-03-20T04:41:53Z,69.0
2024-03-20T04:41:58Z,72.0
2024-03-20T04:42:03Z,78.0
2024-03-20T04:42:08Z,86.0
2024-03-20T04:42:13Z,85.0
2024-03-20T04:42:18Z,75.0
2024-03-20T04:42:23Z,66.0
2024-03-20T04:42:33Z,67.0
2024-03-20T04:42:38Z,65.0
2024-03-20T04:42:48Z,69.0
2024-03-20T04:42:53Z,73.0
2024-03-20T04:42:58Z,76.0
2024-03-20T04:43:03Z,79.0
2024-03-20T04:43:08Z,81.0
2024-03-20T04:43:13Z,88.0
2024-03-20T04:43:18Z,92.0
2024-03-20T04:43:23Z,87.0
2024-03-20T04:43:28Z,89.0
2024-03-20T04:43:33Z,90.0
2024-03-20T04:43:38Z,90.0
2024-03-20T04:43:43Z,84.0
2024-03-20T04:43:48Z,79.0
2024-03-20T04:43:53Z,76.0
2024-03-20T04:43:58Z,72.0
2024-03-20T04:44:03Z,66.0
2024-03-20T04:44:08Z,62.0
2024-03-20T04:44:13Z,60.0
2024-03-20T04:44:18Z,58.0
2024-03-20T04:44:33Z,58.0
2024-03-20T04:44:38Z,56.0
2024-03-20T04:44:43Z,55.0
2024-03-20T04:44:48Z,55.0
2024-03-20T04:44:58Z,54.0
2024-03-20T04:45:08Z,56.0
2024-03-20T04:45:13Z,55.0
2024-03-20T04:45:28Z,58.0
2024-03-20T04:45:33Z,61.0
2024-03-20T04:45:43Z,59.0
2024-03-20T04:45:48Z,57.0
2024-03-20T04:45:53Z,58.0
2024-03-20T04:45:58Z,61.0
2024-03-20T04:46:03Z,62.0
2024-03-20T04:46:08Z,59.0
2024-03-20T04:46:13Z,56.0
2024-03-20T04:46:18Z,55.0
2024-03-20T04:46:23Z,56.0
2024-03-20T04:46:38Z,56.0
2024-03-20T04:46:43Z,58.0
2024-03-20T04:46:48Z,59.0
2024-03-20T04:46:53Z,58.0
2024-03-20T04:46:58Z,57.0
2024-03-20T04:47:03Z,56.0
2024-03-20T04:47:13Z,59.0
2024-03-20T04:47:28Z,62.0
2024-03-20T04:47:33Z,61.0
2024-03-20T04:47:38Z,63.0
2024-03-20T04:47:43Z,62.0
2024-03-20T04:47:48Z,61.0
2024-03-20T04:47:53Z,61.0
2024-03-20T04:47:58Z,62.0
2024-03-20T04:48:03Z,63.0
2024-03-20T04:48:08Z,65.0
2024-03-20T04:48:13Z,67.0
2024-03-20T04:48:18Z,66.0
2024-03-20T04:48:23Z,64.0
2024-03-20T04:48:28Z,62.0
2024-03-20T04:48:33Z,60.0
2024-03-20T04:48:38Z,59.0
2024-03-20T04:48:53Z,59.0
2024-03-20T04:48:58Z,64.0
2024-03-20T04:49:03Z,67.0
2024-03-20T04:49:08Z,68.0
2024-03-20T04:49:13Z,67.0
2024-03-20T04:49:18Z,63.0
2024-03-20T04:49:23Z,61.0
2024-03-20T04:49:28Z,65.0
2024-03-20T04:49:38Z,67.0
2024-03-20T04:49:43Z,64.0
2024-03-20T04:49:48Z,61.0
2024-03-20T04:49:53Z,60.0
2024-03-20T04:49:58Z,59.0
2024-03-20T04:50:08Z,59.0
2024-03-20T04:50:13Z,58.0
2024-03-20T04:50:18Z,57.0
2024-03-20T04:50:23Z,58.0
2024-03-20T04:50:28Z,58.0
2024-03-20T04:50:33Z,57.0
2024-03-20T04:50:38Z,58.0
2024-03-20T04:50:53Z,62.0
2024-03-20T04:50:58Z,65.0
2024-03-20T04:51:03Z,62.0
2024-03-20T04:51:08Z,61.0
2024-03-20T04:51:13Z,62.0
2024-03-20T04:51:18Z,64.0
2024-03-20T04:51:23Z,68.0
2024-03-20T04:51:33Z,67.0
2024-03-20T04:51:38Z,65.0
2024-03-20T04:51:43Z,64.0
2024-03-20T04:51:48Z,62.0
2024-03-20T04:51:58Z,60.0
2024-03-20T04:52:03Z,62.0
2024-03-20T04:52:08Z,64.0
2024-03-20T04:52:13Z,65.0
2024-03-20T04:52:18Z,64.0
2024-03-20T04:52:23Z,63.0
2024-03-20T04:52:28Z,65.0
2024-03-20T04:52:33Z,68.0
2024-03-20T04:52:38Z,65.0
2024-03-20T04:52:48Z,64.0
2024-03-20T04:52:53Z,68.0
2024-03-20T04:52:58Z,70.0
2024-03-20T04:53:08Z,71.0
2024-03-20T04:53:13Z,72.0
2024-03-20T04:53:18Z,70.0
2024-03-20T04:53:23Z,69.0
2024-03-20T04:53:28Z,68.0
2024-03-20T04:53:33Z,66.0
2024-03-20T04:53:38Z,65.0
2024-03-20T04:53:48Z,64.0
2024-03-20T04:53:53Z,63.0
2024-03-20T04:53:58Z,62.0
2024-03-20T04:54:13Z,61.0
2024-03-20T04:54:18Z,59.0
2024-03-20T04:54:28Z,57.0
2024-03-20T04:54:33Z,55.0
2024-03-20T04:54:38Z,54.0
2024-03-20T04:54:43Z,59.0
2024-03-20T04:54:48Z,63.0
2024-03-20T04:54:53Z,69.0
2024-03-20T04:54:58Z,77.0
2024-03-20T04:55:03Z,82.0
2024-03-20T04:55:08Z,77.0
2024-03-20T04:55:13Z,75.0
2024-03-20T04:55:23Z,74.0
2024-03-20T04:55:28Z,69.0
2024-03-20T04:55:33Z,70.0
2024-03-20T04:55:38Z,69.0
2024-03-20T04:55:43Z,70.0
2024-03-20T04:55:48Z,67.0
2024-03-20T04:55:53Z,65.0
2024-03-20T04:56:03Z,64.0
2024-03-20T04:56:18Z,63.0
2024-03-20T04:56:23Z,61.0
2024-03-20T04:56:28Z,62.0
2024-03-20T04:56:43Z,66.0
2024-03-20T04:56:48Z,65.0
2024-03-20T04:56:53Z,64.0
2024-03-20T04:56:58Z,62.0
2024-03-20T04:57:08Z,61.0
2024-03-20T04:57:13Z,59.0
2024-03-20T04:57:23Z,60.0
2024-03-20T04:57:28Z,62.0
2024-03-20T04:57:38Z,61.0
2024-03-20T04:57:53Z,61.0
2024-03-20T04:57:58Z,63.0
2024-03-20T04:58:03Z,65.0
2024-03-20T04:58:08Z,68.0
2024-03-20T04:58:13Z,69.0
2024-03-20T04:58:18Z,68.0
2024-03-20T04:58:23Z,69.0
2024-03-20T04:58:28Z,70.0
2024-03-20T04:58:33Z,71.0
2024-03-20T04:58:38Z,70.0
2024-03-20T04:58:43Z,68.0
2024-03-20T04:58:53Z,69.0
2024-03-20T04:58:58Z,70.0
2024-03-20T04:59:03Z,69.0
2024-03-20T04:59:08Z,70.0
2024-03-20T04:59:18Z,73.0
2024-03-20T04:59:23Z,74.0
2024-03-20T04:59:33Z,75.0
2024-03-20T04:59:38Z,73.0
2024-03-20T04:59:43Z,74.0
2024-03-20T04:59:48Z,73.0
2024-03-20T04:59:58Z,71.0
2024-03-20T05:00:03Z,70.0
2024-03-20T05:00:08Z,68.0
2024-03-20T05:00:13Z,67.0
2024-03-20T05:00:18Z,68.0
2024-03-20T05:00:28Z,66.0
2024-03-20T05:00:33Z,65.0
2024-03-20T05:00:38Z,69.0
2024-03-20T05:00:43Z,71.0
2024-03-20T05:00:48Z,72.0
2024-03-20T05:00:53Z,70.0
2024-03-20T05:00:58Z,68.0
2024-03-20T05:01:13Z,68.0
2024-03-20T05:01:18Z,69.0
2024-03-20T05:01:23Z,72.0
2024-03-20T05:01:28Z,73.0
2024-03-20T05:01:38Z,74.0
2024-03-20T05:01:43Z,73.0
2024-03-20T05:01:48Z,73.0
2024-03-20T05:02:03Z,74.0
2024-03-20T05:02:08Z,71.0
2024-03-20T05:02:13Z,69.0
2024-03-20T05:02:18Z,66.0
2024-03-20T05:02:28Z,68.0
2024-03-20T05:02:33Z,67.0
2024-03-20T05:02:48Z,68.0
2024-03-20T05:02:58Z,71.0
2024-03-20T05:03:08Z,69.0
2024-03-20T05:03:13Z,68.0
2024-03-20T05:03:18Z,67.0
2024-03-20T05:03:28Z,68.0
2024-03-20T05:03:33Z,69.0
2024-03-20T05:03:38Z,71.0
2024-03-20T05:03:48Z,69.0
2024-03-20T05:03:53Z,70.0
2024-03-20T05:04:03Z,67.0
2024-03-20T05:04:08Z,66.0
2024-03-20T05:04:13Z,69.0
2024-03-20T05:04:28Z,70.0
2024-03-20T05:04:43Z,70.0
2024-03-20T05:04:48Z,66.0
2024-03-20T05:04:53Z,64.0
2024-03-20T05:04:58Z,65.0
2024-03-20T05:05:03Z,67.0
2024-03-20T05:05:13Z,68.0
2024-03-20T05:05:18Z,68.0
2024-03-20T05:05:23Z,69.0
2024-03-20T05:05:28Z,70.0
2024-03-20T05:05:33Z,69.0
2024-03-20T05:05:43Z,70.0
2024-03-20T05:05:53Z,71.0
2024-03-20T05:05:58Z,69.0
2024-03-20T05:06:03Z,68.0
2024-03-20T05:06:08Z,71.0
2024-03-20T05:06:13Z,72.0
2024-03-20T05:06:18Z,71.0
2024-03-20T05:06:33Z,73.0
2024-03-20T05:06:38Z,72.0
2024-03-20T05:06:43Z,71.0
2024-03-20T05:06:48Z,73.0
2024-03-20T05:06:53Z,72.0
2024-03-20T05:06:58Z,69.0
2024-03-20T05:07:03Z,68.0
2024-03-20T05:07:08Z,69.0
2024-03-20T05:07:23Z,70.0
2024-03-20T05:07:28Z,69.0
2024-03-20T05:07:33Z,68.0
2024-03-20T05:07:43Z,70.0
2024-03-20T05:07:48Z,72.0
2024-03-20T05:07:53Z,74.0
2024-03-20T05:07:58Z,76.0
2024-03-20T05:08:03Z,75.0
2024-03-20T05:08:08Z,75.0
2024-03-20T05:08:13Z,77.0
2024-03-20T05:08:18Z,81.0
2024-03-20T05:08:23Z,79.0
2024-03-20T05:08:28Z,76.0
2024-03-20T05:08:33Z,74.0
2024-03-20T05:08:38Z,72.0
2024-03-20T05:08:53Z,72.0
2024-03-20T05:09:08Z,72.0
2024-03-20T05:09:13Z,75.0
2024-03-20T05:09:18Z,77.0
2024-03-20T05:09:28Z,76.0
2024-03-20T05:09:33Z,74.0
2024-03-20T05:09:38Z,71.0
2024-03-20T05:09:43Z,70.0
2024-03-20T05:09:58Z,72.0
2024-03-20T05:10:03Z,73.0
2024-03-20T05:10:18Z,70.0
2024-03-20T05:10:23Z,69.0
2024-03-20T05:10:28Z,68.0
2024-03-20T05:10:38Z,70.0
2024-03-20T05:10:43Z,71.0
2024-03-20T05:10:48Z,72.0
2024-03-20T05:10:53Z,71.0
2024-03-20T05:10:58Z,72.0
2024-03-20T05:11:03Z,70.0
2024-03-20T05:11:08Z,69.0
2024-03-20T05:11:13Z,70.0
2024-03-20T05:11:18Z,69.0
2024-03-20T05:11:33Z,70.0
2024-03-20T05:11:48Z,69.0
2024-03-20T05:11:53Z,70.0
2024-03-20T05:11:58Z,71.0
2024-03-20T05:12:03Z,73.0
2024-03-20T05:12:08Z,72.0
2024-03-20T05:12:18Z,71.0
2024-03-20T05:12:28Z,72.0
2024-03-20T05:12:33Z,74.0
2024-03-20T05:12:38Z,72.0
2024-03-20T05:12:53Z,73.0
2024-03-20T05:12:58Z,72.0
2024-03-20T05:13:03Z,71.0
2024-03-20T05:13:08Z,72.0
2024-03-20T05:13:13Z,71.0
2024-03-20T05:13:18Z,70.0
2024-03-20T05:13:23Z,69.0
2024-03-20T05:13:28Z,68.0
2024-03-20T05:13:33Z,69.0
2024-03-20T05:13:38Z,68.0
2024-03-20T05:13:53Z,67.0
2024-03-20T05:13:58Z,68.0
2024-03-20T05:14:03Z,70.0
2024-03-20T05:14:08Z,69.0
2024-03-20T05:14:18Z,70.0
2024-03-20T05:14:23Z,73.0
2024-03-20T05:14:28Z,80.0
2024-03-20T05:14:33Z,86.0
2024-03-20T05:14:38Z,89.0
2024-03-20T05:14:43Z,84.0
2024-03-20T05:14:48Z,81.0
2024-03-20T05:14:53Z,79.0
2024-03-20T05:14:58Z,81.0
2024-03-20T05:15:03Z,84.0
2024-03-20T05:15:08Z,80.0
2024-03-20T05:15:13Z,79.0
2024-03-20T05:15:18Z,76.0
2024-03-20T05:15:28Z,80.0
2024-03-20T05:15:33Z,77.0
2024-03-20T05:15:38Z,75.0
2024-03-20T05:15:43Z,71.0
2024-03-20T05:15:48Z,69.0
2024-03-20T05:15:53Z,68.0
2024-03-20T05:15:58Z,65.0
2024-03-20T05:16:03Z,62.0
2024-03-20T05:16:08Z,63.0
2024-03-20T05:16:13Z,62.0
2024-03-20T05:16:18Z,66.0
2024-03-20T05:16:33Z,68.0
2024-03-20T05:16:38Z,67.0
2024-03-20T05:16:43Z,66.0
2024-03-20T05:16:48Z,65.0
2024-03-20T05:16:53Z,63.0
2024-03-20T05:16:58Z,63.0
2024-03-20T05:17:03Z,65.0
2024-03-20T05:17:08Z,69.0
2024-03-20T05:17:13Z,75.0
2024-03-20T05:17:18Z,77.0
2024-03-20T05:17:23Z,74.0
2024-03-20T05:17:28Z,71.0
2024-03-20T05:17:33Z,68.0
2024-03-20T05:17:43Z,71.0
2024-03-20T05:17:53Z,72.0
2024-03-20T05:18:08Z,73.0
2024-03-20T05:18:13Z,71.0
2024-03-20T05:18:18Z,72.0
2024-03-20T05:18:23Z,75.0
2024-03-20T05:18:28Z,76.0
2024-03-20T05:18:43Z,73.0
2024-03-20T05:18:48Z,72.0
2024-03-20T05:18:53Z,73.0
2024-03-20T05:18:58Z,72.0
2024-03-20T05:19:03Z,73.0
2024-03-20T05:19:08Z,77.0
2024-03-20T05:19:13Z,78.0
2024-03-20T05:19:18Z,79.0
2024-03-20T05:19:23Z,77.0
2024-03-20T05:19:28Z,75.0
2024-03-20T05:19:38Z,76.0
2024-03-20T05:19:43Z,77.0
2024-03-20T05:19:48Z,76.0
2024-03-20T05:19:53Z,74.0
2024-03-20T05:19:58Z,72.0
2024-03-20T05:20:03Z,73.0
2024-03-20T05:20:08Z,74.0
2024-03-20T05:20:13Z,73.0
2024-03-20T05:20:18Z,72.0
2024-03-20T05:20:23Z,75.0
2024-03-20T05:20:28Z,80.0
2024-03-20T05:20:33Z,81.0
2024-03-20T05:20:38Z,78.0
2024-03-20T05:20:43Z,76.0
2024-03-20T05:20:53Z,75.0
2024-03-20T05:20:58Z,73.0
2024-03-20T05:21:03Z,72.0
2024-03-20T05:21:08Z,71.0
2024-03-20T05:21:13Z,74.0
2024-03-20T05:21:18Z,73.0
2024-03-20T05:21:23Z,72.0
2024-03-20T05:21:28Z,74.0
2024-03-20T05:21:33Z,77.0
2024-03-20T05:21:38Z,76.0
2024-03-20T05:21:43Z,75.0
2024-03-20T05:21:48Z,76.0
2024-03-20T05:21:53Z,77.0
2024-03-20T05:21:58Z,74.0
2024-03-20T05:22:03Z,71.0
2024-03-20T05:22:08Z,70.0
2024-03-20T05:22:18Z,73.0
2024-03-20T05:22:28Z,72.0
2024-03-20T05:22:33Z,71.0
2024-03-20T05:22:38Z,70.0
2024-03-20T05:22:43Z,69.0
2024-03-20T05:22:48Z,70.0
2024-03-20T05:22:53Z,71.0
2024-03-20T05:22:58Z,73.0
2024-03-20T05:23:03Z,74.0
2024-03-20T05:23:08Z,79.0
2024-03-20T05:23:13Z,81.0
2024-03-20T05:23:18Z,76.0
2024-03-20T05:23:23Z,72.0
2024-03-20T05:23:28Z,69.0
2024-03-20T05:23:33Z,68.0
2024-03-20T05:23:38Z,67.0
2024-03-20T05:23:43Z,68.0
2024-03-20T05:23:53Z,69.0
2024-03-20T05:24:03Z,73.0
2024-03-20T05:24:08Z,76.0
2024-03-20T05:24:13Z,80.0
2024-03-20T05:24:18Z,83.0
2024-03-20T05:24:23Z,84.0
2024-03-20T05:24:28Z,81.0
2024-03-20T05:24:33Z,79.0
2024-03-20T05:24:38Z,77.0
2024-03-20T05:24:43Z,78.0
2024-03-20T05:24:48Z,77.0
2024-03-20T05:24:53Z,75.0
2024-03-20T05:25:03Z,73.0
2024-03-20T05:25:08Z,74.0
2024-03-20T05:25:13Z,73.0
2024-03-20T05:25:18Z,72.0
2024-03-20T05:25:23Z,75.0
2024-03-20T05:25:28Z,72.0
2024-03-20T05:25:33Z,70.0
2024-03-20T05:25:48Z,72.0
2024-03-20T05:25:58Z,75.0
2024-03-20T05:26:03Z,74.0
2024-03-20T05:26:08Z,72.0
2024-03-20T05:26:13Z,71.0
2024-03-20T05:26:18Z,73.0
2024-03-20T05:26:23Z,75.0
2024-03-20T05:26:33Z,73.0
2024-03-20T05:26:38Z,69.0
2024-03-20T05:26:43Z,67.0
2024-03-20T05:26:48Z,68.0
2024-03-20T05:26:53Z,65.0
2024-03-20T05:27:03Z,66.0
2024-03-20T05:27:08Z,68.0
2024-03-20T05:27:13Z,69.0
2024-03-20T05:27:18Z,71.0
2024-03-20T05:27:23Z,73.0
2024-03-20T05:27:28Z,75.0
2024-03-20T05:27:33Z,72.0
2024-03-20T05:27:43Z,71.0
2024-03-20T05:27:48Z,72.0
2024-03-20T05:27:53Z,73.0
2024-03-20T05:27:58Z,69.0
2024-03-20T05:28:03Z,73.0
2024-03-20T05:28:08Z,77.0
2024-03-20T05:28:13Z,76.0
2024-03-20T05:28:23Z,78.0
2024-03-20T05:28:28Z,73.0
2024-03-20T05:28:33Z,72.0
2024-03-20T05:28:38Z,71.0
2024-03-20T05:28:43Z,70.0
2024-03-20T05:28:53Z,68.0
2024-03-20T05:29:03Z,69.0
2024-03-20T05:29:08Z,71.0
2024-03-20T05:29:13Z,72.0
2024-03-20T05:29:23Z,75.0
2024-03-20T05:29:28Z,78.0
2024-03-20T05:29:33Z,79.0
2024-03-20T05:29:38Z,75.0
2024-03-20T05:29:43Z,74.0
2024-03-20T05:29:48Z,72.0
2024-03-20T05:29:58Z,73.0
2024-03-20T05:30:03Z,79.0
2024-03-20T05:30:08Z,78.0
2024-03-20T05:30:13Z,75.0
2024-03-20T05:30:18Z,76.0
2024-03-20T05:30:23Z,79.0
2024-03-20T05:30:28Z,78.0
2024-03-20T05:30:33Z,79.0
2024-03-20T05:30:43Z,75.0
2024-03-20T05:30:48Z,72.0
2024-03-20T05:30:53Z,71.0
2024-03-20T05:30:58Z,72.0
2024-03-20T05:31:03Z,71.0
2024-03-20T05:31:08Z,69.0
2024-03-20T05:31:13Z,68.0
2024-03-20T05:31:18Z,67.0
2024-03-20T05:31:28Z,69.0
2024-03-20T05:31:33Z,69.0
2024-03-20T05:31:38Z,68.0
2024-03-20T05:31:43Z,69.0
2024-03-20T05:31:53Z,67.0
2024-03-20T05:31:58Z,68.0
2024-03-20T05:32:03Z,72.0
2024-03-20T05:32:18Z,73.0
2024-03-20T05:32:23Z,74.0
2024-03-20T05:32:28Z,79.0
2024-03-20T05:32:38Z,73.0
2024-03-20T05:32:43Z,71.0
2024-03-20T05:32:48Z,70.0
2024-03-20T05:32:53Z,69.0
2024-03-20T05:32:58Z,70.0
2024-03-20T05:33:08Z,71.0
2024-03-20T05:33:13Z,70.0
2024-03-20T05:33:23Z,69.0
2024-03-20T05:33:28Z,67.0
2024-03-20T05:33:38Z,73.0
2024-03-20T05:33:43Z,76.0
2024-03-20T05:33:48Z,75.0
2024-03-20T05:33:58Z,76.0
2024-03-20T05:34:03Z,82.0
2024-03-20T05:34:13Z,77.0
2024-03-20T05:34:18Z,76.0
2024-03-20T05:34:23Z,74.0
2024-03-20T05:34:28Z,75.0
2024-03-20T05:34:33Z,74.0
2024-03-20T05:34:38Z,76.0
2024-03-20T05:34:43Z,74.0
2024-03-20T05:34:48Z,75.0
2024-03-20T05:34:53Z,76.0
2024-03-20T05:35:08Z,75.0
2024-03-20T05:35:13Z,73.0
2024-03-20T05:35:18Z,74.0
2024-03-20T05:35:28Z,72.0
2024-03-20T05:35:33Z,73.0
2024-03-20T05:35:38Z,72.0
2024-03-20T05:35:43Z,71.0
2024-03-20T05:35:48Z,69.0
2024-03-20T05:35:53Z,76.0
2024-03-20T05:35:58Z,82.0
2024-03-20T05:36:03Z,87.0
2024-03-20T05:36:13Z,83.0
2024-03-20T05:36:18Z,84.0
2024-03-20T05:36:23Z,86.0
2024-03-20T05:36:28Z,84.0
2024-03-20T05:36:33Z,82.0
2024-03-20T05:36:43Z,81.0
2024-03-20T05:36:48Z,78.0
2024-03-20T05:36:53Z,75.0
2024-03-20T05:36:58Z,73.0
2024-03-20T05:37:03Z,72.0
2024-03-20T05:37:08Z,74.0
2024-03-20T05:37:18Z,73.0
2024-03-20T05:37:23Z,74.0
2024-03-20T05:37:28Z,75.0
2024-03-20T05:37:33Z,79.0
2024-03-20T05:37:38Z,85.0
2024-03-20T05:37:43Z,89.0
2024-03-20T05:37:48Z,82.0
2024-03-20T05:37:53Z,79.0
2024-03-20T05:37:58Z,76.0
2024-03-20T05:38:03Z,72.0
2024-03-20T05:38:13Z,70.0
2024-03-20T05:38:18Z,72.0
2024-03-20T05:38:23Z,72.0
2024-03-20T05:38:28Z,76.0
2024-03-20T05:38:33Z,79.0
2024-03-20T05:38:38Z,77.0
2024-03-20T05:38:48Z,83.0
2024-03-20T05:38:53Z,82.0
2024-03-20T05:38:58Z,80.0
2024-03-20T05:39:03Z,81.0
2024-03-20T05:39:08Z,78.0
2024-03-20T05:39:13Z,76.0
2024-03-20T05:39:18Z,77.0
2024-03-20T05:39:23Z,75.0
2024-03-20T05:39:28Z,74.0
2024-03-20T05:39:33Z,76.0
2024-03-20T05:39:38Z,75.0
2024-03-20T05:39:43Z,78.0
2024-03-20T05:39:48Z,80.0
2024-03-20T05:39:53Z,81.0
2024-03-20T05:39:58Z,85.0
2024-03-20T05:40:03Z,87.0
2024-03-20T05:40:08Z,86.0
2024-03-20T05:40:13Z,82.0
2024-03-20T05:40:28Z,85.0
2024-03-20T05:40:33Z,83.0
2024-03-20T05:40:38Z,81.0
2024-03-20T05:40:43Z,79.0
2024-03-20T05:40:48Z,76.0
2024-03-20T05:40:53Z,75.0
2024-03-20T05:40:58Z,76.0
2024-03-20T05:41:03Z,78.0
2024-03-20T05:41:08Z,79.0
2024-03-20T05:41:13Z,78.0
2024-03-20T05:41:23Z,79.0
2024-03-20T05:41:33Z,76.0
2024-03-20T05:41:38Z,73.0
2024-03-20T05:41:48Z,72.0
2024-03-20T05:41:53Z,76.0
2024-03-20T05:41:58Z,78.0
2024-03-20T05:42:03Z,79.0
2024-03-20T05:42:08Z,80.0
2024-03-20T05:42:13Z,82.0
2024-03-20T05:42:18Z,79.0
2024-03-20T05:42:28Z,80.0
2024-03-20T05:42:43Z,81.0
2024-03-20T05:42:48Z,80.0
2024-03-20T05:42:53Z,83.0
2024-03-20T05:42:58Z,84.0
2024-03-20T05:43:03Z,85.0
2024-03-20T05:43:08Z,84.0
2024-03-20T05:43:18Z,81.0
2024-03-20T05:43:23Z,78.0
2024-03-20T05:43:33Z,79.0
2024-03-20T05:43:38Z,81.0
2024-03-20T05:43:48Z,84.0
2024-03-20T05:43:53Z,84.0
2024-03-20T05:43:58Z,82.0
2024-03-20T05:44:03Z,80.0
2024-03-20T05:44:08Z,78.0
2024-03-20T05:44:13Z,79.0
2024-03-20T05:44:18Z,85.0
2024-03-20T05:44:23Z,86.0
2024-03-20T05:44:28Z,79.0
2024-03-20T05:44:33Z,78.0
2024-03-20T05:44:38Z,81.0
2024-03-20T05:44:53Z,79.0
2024-03-20T05:44:58Z,76.0
2024-03-20T05:45:03Z,75.0
2024-03-20T05:45:08Z,73.0
2024-03-20T05:45:13Z,74.0
2024-03-20T05:45:18Z,77.0
2024-03-20T05:45:23Z,81.0
2024-03-20T05:45:28Z,82.0
2024-03-20T05:45:33Z,84.0
2024-03-20T05:45:43Z,81.0
2024-03-20T05:45:48Z,82.0
2024-03-20T05:45:53Z,79.0
2024-03-20T05:45:58Z,80.0
2024-03-20T05:46:03Z,82.0
2024-03-20T05:46:08Z,80.0
2024-03-20T05:46:13Z,77.0
2024-03-20T05:46:18Z,75.0
2024-03-20T05:46:23Z,76.0
2024-03-20T05:46:28Z,75.0
2024-03-20T05:46:33Z,75.0
2024-03-20T05:46:38Z,75.0
2024-03-20T05:46:48Z,77.0
2024-03-20T05:46:53Z,74.0
2024-03-20T05:46:58Z,72.0
2024-03-20T05:47:08Z,73.0
2024-03-20T05:47:13Z,74.0
2024-03-20T05:47:23Z,74.0
2024-03-20T05:47:28Z,72.0
2024-03-20T05:47:38Z,75.0
2024-03-20T05:47:43Z,76.0
2024-03-20T05:47:48Z,78.0
2024-03-20T05:47:58Z,77.0
2024-03-20T05:48:03Z,76.0
2024-03-20T05:48:13Z,75.0
2024-03-20T05:48:23Z,76.0
2024-03-20T05:48:28Z,79.0
2024-03-20T05:48:43Z,78.0
2024-03-20T05:48:48Z,77.0
2024-03-20T05:48:53Z,78.0
2024-03-20T05:48:58Z,79.0
2024-03-20T05:49:03Z,81.0
2024-03-20T05:49:08Z,86.0
2024-03-20T05:49:13Z,83.0
2024-03-20T05:49:18Z,81.0
2024-03-20T05:49:23Z,79.0
2024-03-20T05:49:28Z,81.0
2024-03-20T05:49:33Z,82.0
2024-03-20T05:49:38Z,80.0
2024-03-20T05:49:43Z,78.0
2024-03-20T05:49:48Z,79.0
2024-03-20T05:49:53Z,84.0
2024-03-20T05:49:58Z,85.0
2024-03-20T05:50:03Z,81.0
2024-03-20T05:50:08Z,78.0
2024-03-20T05:50:13Z,82.0
2024-03-20T05:50:23Z,75.0
2024-03-20T05:50:28Z,76.0
2024-03-20T05:50:33Z,81.0
2024-03-20T05:50:38Z,82.0
2024-03-20T05:50:43Z,85.0
2024-03-20T05:50:48Z,76.0
2024-03-20T05:50:53Z,75.0
2024-03-20T05:51:03Z,76.0
2024-03-20T05:51:13Z,75.0
2024-03-20T05:51:18Z,74.0
2024-03-20T05:51:23Z,75.0
2024-03-20T05:51:28Z,77.0
2024-03-20T05:51:33Z,78.0
2024-03-20T05:51:38Z,80.0
2024-03-20T05:51:43Z,78.0
2024-03-20T05:51:48Z,80.0
2024-03-20T05:51:53Z,77.0
2024-03-20T05:52:03Z,76.0
2024-03-20T05:52:08Z,75.0
2024-03-20T05:52:18Z,74.0
2024-03-20T05:52:23Z,76.0
2024-03-20T05:52:28Z,78.0
2024-03-20T05:52:33Z,80.0
2024-03-20T05:52:38Z,84.0
2024-03-20T05:52:43Z,88.0
2024-03-20T05:52:48Z,89.0
2024-03-20T05:52:53Z,83.0
2024-03-20T05:52:58Z,79.0
2024-03-20T05:53:03Z,78.0
2024-03-20T05:53:08Z,81.0
2024-03-20T05:53:13Z,86.0
2024-03-20T05:53:18Z,93.0
2024-03-20T05:53:23Z,98.0
2024-03-20T05:53:28Z,91.0
2024-03-20T05:53:33Z,89.0
2024-03-20T05:53:38Z,88.0
2024-03-20T05:53:43Z,84.0
2024-03-20T05:53:48Z,82.0
2024-03-20T05:53:53Z,80.0
2024-03-20T05:53:58Z,79.0
2024-03-20T05:54:03Z,84.0
2024-03-20T05:54:08Z,86.0
2024-03-20T05:54:13Z,82.0
2024-03-20T05:54:18Z,79.0
2024-03-20T05:54:23Z,76.0
2024-03-20T05:54:28Z,77.0
2024-03-20T05:54:33Z,73.0
2024-03-20T05:54:38Z,74.0
2024-03-20T05:54:43Z,77.0
2024-03-20T05:54:48Z,79.0
2024-03-20T05:54:53Z,80.0
2024-03-20T05:55:03Z,79.0
2024-03-20T05:55:13Z,81.0
2024-03-20T05:55:23Z,82.0
2024-03-20T05:55:28Z,87.0
2024-03-20T05:55:33Z,86.0
2024-03-20T05:55:38Z,81.0
2024-03-20T05:55:43Z,78.0
2024-03-20T05:55:48Z,76.0
2024-03-20T05:55:53Z,74.0
2024-03-20T05:56:03Z,75.0
2024-03-20T05:56:13Z,71.0
2024-03-20T05:56:18Z,70.0
2024-03-20T05:56:23Z,72.0
2024-03-20T05:56:28Z,76.0
2024-03-20T05:56:33Z,79.0
2024-03-20T05:56:38Z,78.0
2024-03-20T05:56:43Z,76.0
2024-03-20T05:56:48Z,77.0
2024-03-20T05:56:53Z,81.0
2024-03-20T05:56:58Z,82.0
2024-03-20T05:57:03Z,83.0
2024-03-20T05:57:13Z,84.0
2024-03-20T05:57:18Z,83.0
2024-03-20T05:57:23Z,80.0
2024-03-20T05:57:28Z,76.0
2024-03-20T05:57:33Z,77.0
2024-03-20T05:57:38Z,81.0
2024-03-20T05:57:43Z,82.0
2024-03-20T05:57:48Z,80.0
2024-03-20T05:57:53Z,79.0
2024-03-20T05:58:03Z,86.0
2024-03-20T05:58:08Z,88.0
2024-03-20T05:58:13Z,89.0
2024-03-20T05:58:18Z,88.0
2024-03-20T05:58:23Z,86.0
2024-03-20T05:58:28Z,85.0
2024-03-20T05:58:33Z,87.0
2024-03-20T05:58:38Z,81.0
2024-03-20T05:58:43Z,82.0
2024-03-20T05:58:48Z,87.0
2024-03-20T05:58:53Z,90.0
2024-03-20T05:58:58Z,84.0
2024-03-20T05:59:03Z,85.0
2024-03-20T05:59:13Z,80.0
2024-03-20T05:59:18Z,78.0
2024-03-20T05:59:23Z,77.0
2024-03-20T05:59:33Z,78.0
2024-03-20T05:59:38Z,79.0
2024-03-20T05:59:43Z,76.0
2024-03-20T05:59:53Z,77.0
2024-03-20T06:00:08Z,75.0
2024-03-20T06:00:13Z,76.0
2024-03-20T06:00:18Z,75.0
2024-03-20T06:00:23Z,78.0
2024-03-20T06:00:33Z,81.0
2024-03-20T06:00:38Z,87.0
2024-03-20T06:00:43Z,86.0
2024-03-20T06:00:48Z,82.0
2024-03-20T06:00:53Z,84.0
2024-03-20T06:00:58Z,81.0
2024-03-20T06:01:03Z,79.0
2024-03-20T06:01:08Z,77.0
2024-03-20T06:01:13Z,76.0
2024-03-20T06:01:18Z,77.0
2024-03-20T06:01:33Z,76.0
2024-03-20T06:01:43Z,79.0
2024-03-20T06:01:48Z,81.0
2024-03-20T06:02:03Z,84.0
2024-03-20T06:02:08Z,91.0
2024-03-20T06:02:13Z,86.0
2024-03-20T06:02:18Z,81.0
2024-03-20T06:02:23Z,84.0
2024-03-20T06:02:28Z,84.0
2024-03-20T06:02:33Z,83.0
2024-03-20T06:02:38Z,80.0
2024-03-20T06:02:43Z,77.0
2024-03-20T06:02:48Z,75.0
2024-03-20T06:02:53Z,76.0
2024-03-20T06:02:58Z,74.0
2024-03-20T06:03:03Z,71.0
2024-03-20T06:03:08Z,72.0
2024-03-20T06:03:13Z,74.0
2024-03-20T06:03:18Z,75.0
2024-03-20T06:03:23Z,74.0
2024-03-20T06:03:28Z,75.0
2024-03-20T06:03:33Z,79.0
2024-03-20T06:03:38Z,81.0
2024-03-20T06:03:43Z,79.0
2024-03-20T06:03:48Z,78.0
2024-03-20T06:03:53Z,79.0
2024-03-20T06:03:58Z,76.0
2024-03-20T06:04:03Z,72.0
2024-03-20T06:04:08Z,70.0
2024-03-20T06:04:18Z,69.0
2024-03-20T06:04:28Z,69.0
2024-03-20T06:04:33Z,70.0
2024-03-20T06:04:38Z,75.0
2024-03-20T06:04:43Z,82.0
2024-03-20T06:04:48Z,87.0
2024-03-20T06:04:53Z,87.0
2024-03-20T06:04:58Z,82.0
2024-03-20T06:05:03Z,79.0
2024-03-20T06:05:08Z,77.0
2024-03-20T06:05:13Z,75.0
2024-03-20T06:05:18Z,74.0
2024-03-20T06:05:23Z,73.0
2024-03-20T06:05:28Z,75.0
2024-03-20T06:05:33Z,77.0
2024-03-20T06:05:48Z,79.0
2024-03-20T06:06:03Z,78.0
2024-03-20T06:06:08Z,76.0
2024-03-20T06:06:13Z,74.0
2024-03-20T06:06:18Z,73.0
2024-03-20T06:06:28Z,74.0
2024-03-20T06:06:33Z,73.0
2024-03-20T06:06:43Z,74.0
2024-03-20T06:06:48Z,75.0
2024-03-20T06:07:04Z,82.0
2024-03-20T06:07:09Z,77.0
2024-03-20T06:07:14Z,75.0
2024-03-20T06:07:19Z,78.0
2024-03-20T06:07:29Z,76.0
2024-03-20T06:07:34Z,75.0
2024-03-20T06:07:39Z,74.0
2024-03-20T06:07:44Z,75.0
2024-03-20T06:07:49Z,76.0
2024-03-20T06:07:54Z,81.0
2024-03-20T06:07:59Z,84.0
2024-03-20T06:08:04Z,80.0
2024-03-20T06:08:09Z,77.0
2024-03-20T06:08:14Z,76.0
2024-03-20T06:08:19Z,73.0
2024-03-20T06:08:29Z,71.0
2024-03-20T06:08:34Z,73.0
2024-03-20T06:08:39Z,77.0
2024-03-20T06:08:44Z,79.0
2024-03-20T06:08:49Z,82.0
2024-03-20T06:08:54Z,83.0
2024-03-20T06:08:59Z,82.0
2024-03-20T06:09:04Z,78.0
2024-03-20T06:09:19Z,76.0
2024-03-20T06:09:24Z,74.0
2024-03-20T06:09:29Z,72.0
2024-03-20T06:09:34Z,74.0
2024-03-20T06:09:39Z,75.0
2024-03-20T06:09:54Z,76.0
2024-03-20T06:10:04Z,74.0
2024-03-20T06:10:09Z,75.0
2024-03-20T06:10:14Z,77.0
2024-03-20T06:10:19Z,76.0
2024-03-20T06:10:24Z,81.0
2024-03-20T06:10:29Z,86.0
2024-03-20T06:10:34Z,84.0
2024-03-20T06:10:39Z,78.0
2024-03-20T06:10:44Z,82.0
2024-03-20T06:10:49Z,88.0
2024-03-20T06:10:54Z,85.0
2024-03-20T06:10:59Z,82.0
2024-03-20T06:11:04Z,81.0
2024-03-20T06:11:09Z,79.0
2024-03-20T06:11:14Z,78.0
2024-03-20T06:11:19Z,75.0
2024-03-20T06:11:24Z,74.0
2024-03-20T06:11:29Z,75.0
2024-03-20T06:11:34Z,73.0
2024-03-20T06:11:39Z,75.0
2024-03-20T06:11:44Z,74.0
2024-03-20T06:11:50Z,76.0
2024-03-20T06:11:55Z,75.0
2024-03-20T06:12:10Z,73.0
2024-03-20T06:12:20Z,71.0
2024-03-20T06:12:25Z,68.0
2024-03-20T06:12:30Z,69.0
2024-03-20T06:12:40Z,73.0
2024-03-20T06:12:45Z,78.0
2024-03-20T06:12:50Z,82.0
2024-03-20T06:12:55Z,83.0
2024-03-20T06:13:00Z,81.0
2024-03-20T06:13:05Z,79.0
2024-03-20T06:13:10Z,82.0
2024-03-20T06:13:15Z,81.0
2024-03-20T06:13:20Z,76.0
2024-03-20T06:13:25Z,73.0
2024-03-20T06:13:30Z,75.0
2024-03-20T06:13:35Z,80.0
2024-03-20T06:13:40Z,82.0
2024-03-20T06:13:50Z,79.0
2024-03-20T06:13:55Z,81.0
2024-03-20T06:14:00Z,76.0
2024-03-20T06:14:05Z,74.0
2024-03-20T06:14:10Z,73.0
2024-03-20T06:14:20Z,78.0
2024-03-20T06:14:25Z,82.0
2024-03-20T06:14:30Z,86.0
2024-03-20T06:14:35Z,87.0
2024-03-20T06:14:40Z,89.0
2024-03-20T06:14:45Z,85.0
2024-03-20T06:14:50Z,83.0
2024-03-20T06:14:55Z,81.0
2024-03-20T06:15:05Z,82.0
2024-03-20T06:15:10Z,84.0
2024-03-20T06:15:15Z,85.0
2024-03-20T06:15:25Z,84.0
2024-03-20T06:15:30Z,83.0
2024-03-20T06:15:35Z,84.0
2024-03-20T06:15:40Z,85.0
2024-03-20T06:15:45Z,84.0
2024-03-20T06:15:55Z,81.0
2024-03-20T06:16:00Z,77.0
2024-03-20T06:16:05Z,76.0
2024-03-20T06:16:11Z,77.0
2024-03-20T06:16:16Z,76.0
2024-03-20T06:16:21Z,75.0
2024-03-20T06:16:26Z,77.0
2024-03-20T06:16:31Z,72.0
2024-03-20T06:16:36Z,70.0
2024-03-20T06:16:41Z,69.0
2024-03-20T06:16:46Z,70.0
2024-03-20T06:16:51Z,74.0
2024-03-20T06:16:56Z,75.0
2024-03-20T06:17:06Z,77.0
2024-03-20T06:17:11Z,81.0
2024-03-20T06:17:16Z,80.0
2024-03-20T06:17:21Z,78.0
2024-03-20T06:17:26Z,74.0
2024-03-20T06:17:31Z,76.0
2024-03-20T06:17:42Z,78.0
2024-03-20T06:17:57Z,76.0
2024-03-20T06:18:02Z,77.0
2024-03-20T06:18:07Z,79.0
2024-03-20T06:18:12Z,84.0
2024-03-20T06:18:17Z,86.0
2024-03-20T06:18:22Z,83.0
2024-03-20T06:18:27Z,79.0
2024-03-20T06:18:32Z,76.0
2024-03-20T06:18:37Z,74.0
2024-03-20T06:18:52Z,76.0
2024-03-20T06:18:57Z,78.0
2024-03-20T06:19:07Z,77.0
2024-03-20T06:19:12Z,78.0
2024-03-20T06:19:17Z,77.0
2024-03-20T06:19:22Z,76.0
2024-03-20T06:19:32Z,78.0
2024-03-20T06:19:37Z,80.0
2024-03-20T06:19:42Z,84.0
2024-03-20T06:19:47Z,85.0
2024-03-20T06:20:02Z,86.0
2024-03-20T06:20:07Z,85.0
2024-03-20T06:20:12Z,85.0
2024-03-20T06:20:17Z,83.0
2024-03-20T06:20:22Z,82.0
2024-03-20T06:20:27Z,79.0
2024-03-20T06:20:37Z,80.0
2024-03-20T06:20:47Z,81.0
2024-03-20T06:20:52Z,83.0
2024-03-20T06:20:57Z,78.0
2024-03-20T06:21:02Z,76.0
2024-03-20T06:21:07Z,77.0
2024-03-20T06:21:12Z,72.0
2024-03-20T06:21:17Z,70.0
2024-03-20T06:21:22Z,69.0
2024-03-20T06:21:32Z,70.0
2024-03-20T06:21:37Z,77.0
2024-03-20T06:21:42Z,80.0
2024-03-20T06:21:47Z,78.0
2024-03-20T06:21:52Z,76.0
2024-03-20T06:21:57Z,73.0
2024-03-20T06:22:02Z,75.0
2024-03-20T06:22:07Z,78.0
2024-03-20T06:22:17Z,81.0
2024-03-20T06:22:22Z,82.0
2024-03-20T06:22:32Z,84.0
2024-03-20T06:22:42Z,81.0
2024-03-20T06:22:47Z,80.0
2024-03-20T06:22:52Z,79.0
2024-03-20T06:22:57Z,75.0
2024-03-20T06:23:02Z,73.0
2024-03-20T06:23:07Z,72.0
2024-03-20T06:23:12Z,73.0
2024-03-20T06:23:22Z,72.0
2024-03-20T06:23:32Z,73.0
2024-03-20T06:23:37Z,74.0
2024-03-20T06:23:42Z,73.0
2024-03-20T06:23:47Z,72.0
2024-03-20T06:23:52Z,71.0
2024-03-20T06:24:02Z,73.0
2024-03-20T06:24:07Z,74.0
2024-03-20T06:24:12Z,71.0
2024-03-20T06:24:17Z,69.0
2024-03-20T06:24:22Z,67.0
2024-03-20T06:24:27Z,66.0
2024-03-20T06:24:32Z,67.0
2024-03-20T06:24:37Z,68.0
2024-03-20T06:24:42Z,70.0
2024-03-20T06:24:47Z,71.0
2024-03-20T06:24:52Z,73.0
2024-03-20T06:24:57Z,72.0
2024-03-20T06:25:02Z,73.0
2024-03-20T06:25:12Z,75.0
2024-03-20T06:25:22Z,76.0
2024-03-20T06:25:27Z,79.0
2024-03-20T06:25:32Z,85.0
2024-03-20T06:25:42Z,88.0
2024-03-20T06:25:47Z,84.0
2024-03-20T06:25:52Z,77.0
2024-03-20T06:25:57Z,76.0
2024-03-20T06:26:02Z,78.0
2024-03-20T06:26:12Z,83.0
2024-03-20T06:26:17Z,82.0
2024-03-20T06:26:22Z,80.0
2024-03-20T06:26:27Z,82.0
2024-03-20T06:26:37Z,80.0
2024-03-20T06:26:47Z,81.0
2024-03-20T06:26:52Z,82.0
2024-03-20T06:26:57Z,83.0
2024-03-20T06:27:02Z,80.0
2024-03-20T06:27:07Z,78.0
2024-03-20T06:27:12Z,77.0
2024-03-20T06:27:17Z,80.0
2024-03-20T06:27:27Z,75.0
2024-03-20T06:27:32Z,73.0
2024-03-20T06:27:42Z,75.0
2024-03-20T06:27:47Z,72.0
2024-03-20T06:27:52Z,69.0
2024-03-20T06:27:57Z,67.0
2024-03-20T06:28:12Z,67.0
2024-03-20T06:28:17Z,68.0
2024-03-20T06:28:22Z,69.0
2024-03-20T06:28:27Z,71.0
2024-03-20T06:28:32Z,73.0
2024-03-20T06:28:37Z,72.0
2024-03-20T06:28:42Z,70.0
2024-03-20T06:28:47Z,71.0
2024-03-20T06:29:02Z,72.0
2024-03-20T06:29:07Z,73.0
2024-03-20T06:29:17Z,74.0
2024-03-20T06:29:32Z,73.0
2024-03-20T06:29:37Z,70.0
2024-03-20T06:29:47Z,75.0
2024-03-20T06:29:52Z,73.0
2024-03-20T06:29:57Z,71.0
2024-03-20T06:30:02Z,70.0
2024-03-20T06:30:17Z,71.0
2024-03-20T06:30:22Z,70.0
2024-03-20T06:30:37Z,69.0
2024-03-20T06:30:52Z,69.0
2024-03-20T06:30:57Z,70.0
2024-03-20T06:31:07Z,71.0
2024-03-20T06:31:12Z,72.0
2024-03-20T06:31:17Z,73.0
2024-03-20T06:31:27Z,75.0
2024-03-20T06:31:32Z,79.0
2024-03-20T06:31:37Z,81.0
2024-03-20T06:31:42Z,79.0
2024-03-20T06:31:47Z,78.0
2024-03-20T06:31:52Z,77.0
2024-03-20T06:31:57Z,76.0
2024-03-20T06:32:02Z,77.0
2024-03-20T06:32:07Z,76.0
2024-03-20T06:32:12Z,73.0
2024-03-20T06:32:17Z,72.0
2024-03-20T06:32:22Z,73.0
2024-03-20T06:32:27Z,79.0
2024-03-20T06:32:32Z,82.0
2024-03-20T06:32:37Z,85.0
2024-03-20T06:32:42Z,89.0
2024-03-20T06:32:47Z,87.0
2024-03-20T06:32:52Z,82.0
2024-03-20T06:33:02Z,79.0
2024-03-20T06:33:07Z,75.0
2024-03-20T06:33:12Z,76.0
2024-03-20T06:33:17Z,80.0
2024-03-20T06:33:22Z,84.0
2024-03-20T06:33:27Z,86.0
2024-03-20T06:33:32Z,89.0
2024-03-20T06:33:37Z,90.0
2024-03-20T06:33:42Z,87.0
2024-03-20T06:33:47Z,86.0
2024-03-20T06:33:52Z,85.0
2024-03-20T06:34:02Z,87.0
2024-03-20T06:34:07Z,89.0
2024-03-20T06:34:12Z,84.0
2024-03-20T06:34:17Z,83.0
2024-03-20T06:34:22Z,85.0
2024-03-20T06:34:27Z,88.0
2024-03-20T06:34:32Z,89.0
2024-03-20T06:34:37Z,87.0
2024-03-20T06:34:42Z,86.0
2024-03-20T06:34:47Z,83.0
2024-03-20T06:35:02Z,85.0
2024-03-20T06:35:07Z,89.0
2024-03-20T06:35:17Z,87.0
2024-03-20T06:35:22Z,89.0
2024-03-20T06:35:32Z,86.0
2024-03-20T06:35:37Z,85.0
2024-03-20T06:35:42Z,86.0
2024-03-20T06:35:47Z,87.0
2024-03-20T06:35:52Z,89.0
2024-03-20T06:35:57Z,87.0
2024-03-20T06:36:12Z,89.0
2024-03-20T06:36:27Z,90.0
2024-03-20T06:36:37Z,89.0
2024-03-20T06:36:47Z,90.0
2024-03-20T06:36:57Z,87.0
2024-03-20T06:37:02Z,81.0
2024-03-20T06:37:07Z,77.0
2024-03-20T06:37:12Z,76.0
2024-03-20T06:37:17Z,74.0
2024-03-20T06:37:22Z,72.0
2024-03-20T06:37:32Z,71.0
2024-03-20T06:37:42Z,69.0
2024-03-20T06:37:52Z,67.0
2024-03-20T06:37:57Z,66.0
2024-03-20T06:38:07Z,64.0
2024-03-20T06:38:12Z,63.0
2024-03-20T06:38:17Z,60.0
2024-03-20T06:38:22Z,59.0
2024-03-20T06:38:27Z,60.0
2024-03-20T06:38:32Z,61.0
2024-03-20T06:38:37Z,63.0
2024-03-20T06:38:42Z,67.0
2024-03-20T06:38:47Z,71.0
2024-03-20T06:38:52Z,72.0
2024-03-20T06:38:57Z,69.0
2024-03-20T06:39:02Z,67.0
2024-03-20T06:39:07Z,64.0
2024-03-20T06:39:12Z,62.0
2024-03-20T06:39:17Z,61.0
2024-03-20T06:39:22Z,60.0
2024-03-20T06:39:27Z,61.0
2024-03-20T06:39:37Z,63.0
2024-03-20T06:39:42Z,66.0
2024-03-20T06:39:47Z,72.0
2024-03-20T06:39:52Z,76.0
2024-03-20T06:40:02Z,73.0
2024-03-20T06:40:07Z,71.0
2024-03-20T06:40:17Z,70.0
2024-03-20T06:40:32Z,69.0
2024-03-20T06:40:37Z,68.0
2024-03-20T06:40:47Z,69.0
2024-03-20T06:40:52Z,70.0
2024-03-20T06:41:07Z,70.0
2024-03-20T06:41:12Z,72.0
2024-03-20T06:41:17Z,73.0
2024-03-20T06:41:22Z,74.0
2024-03-20T06:41:27Z,72.0
2024-03-20T06:41:37Z,71.0
2024-03-20T06:41:42Z,70.0
2024-03-20T06:41:47Z,69.0
2024-03-20T06:41:52Z,68.0
2024-03-20T06:41:57Z,69.0
2024-03-20T06:42:02Z,70.0
2024-03-20T06:42:12Z,72.0
2024-03-20T06:42:27Z,72.0
2024-03-20T06:42:32Z,74.0
2024-03-20T06:42:42Z,73.0
2024-03-20T06:42:57Z,72.0
2024-03-20T06:43:02Z,69.0
2024-03-20T06:43:12Z,68.0
2024-03-20T06:43:17Z,69.0
2024-03-20T06:43:27Z,70.0
2024-03-20T06:43:32Z,72.0
2024-03-20T06:43:37Z,73.0
2024-03-20T06:43:52Z,71.0
2024-03-20T06:43:57Z,70.0
2024-03-20T06:44:02Z,72.0
2024-03-20T06:44:12Z,74.0
2024-03-20T06:44:17Z,75.0
2024-03-20T06:44:22Z,74.0
2024-03-20T06:44:32Z,72.0
2024-03-20T06:44:42Z,71.0
2024-03-20T06:44:47Z,69.0
2024-03-20T06:44:57Z,68.0
2024-03-20T06:45:02Z,69.0
2024-03-20T06:45:12Z,69.0
2024-03-20T06:45:22Z,71.0
2024-03-20T06:45:27Z,73.0
2024-03-20T06:45:37Z,72.0
2024-03-20T06:45:42Z,71.0
2024-03-20T06:45:47Z,69.0
2024-03-20T06:45:57Z,67.0
2024-03-20T06:46:02Z,69.0
2024-03-20T06:46:07Z,73.0
2024-03-20T06:46:12Z,73.0
2024-03-20T06:46:17Z,73.0
2024-03-20T06:46:32Z,72.0
2024-03-20T06:46:37Z,74.0
2024-03-20T06:46:42Z,72.0
2024-03-20T06:46:52Z,71.0
2024-03-20T06:46:57Z,70.0
2024-03-20T06:47:02Z,69.0
2024-03-20T06:47:07Z,66.0
2024-03-20T06:47:12Z,65.0
2024-03-20T06:47:17Z,64.0
2024-03-20T06:47:22Z,63.0
2024-03-20T06:47:27Z,63.0
2024-03-20T06:47:42Z,67.0
2024-03-20T06:47:52Z,71.0
2024-03-20T06:47:57Z,70.0
2024-03-20T06:48:02Z,69.0
2024-03-20T06:48:07Z,66.0
2024-03-20T06:48:12Z,63.0
2024-03-20T06:48:17Z,61.0
2024-03-20T06:48:32Z,61.0
2024-03-20T06:48:47Z,59.0
2024-03-20T06:49:02Z,58.0
2024-03-20T06:49:07Z,59.0
2024-03-20T06:49:12Z,59.0
2024-03-20T06:49:22Z,59.0
2024-03-20T06:49:27Z,59.0
2024-03-20T06:49:32Z,61.0
2024-03-20T06:49:37Z,66.0
2024-03-20T06:49:42Z,68.0
2024-03-20T06:49:47Z,69.0
2024-03-20T06:49:52Z,73.0
2024-03-20T06:49:57Z,80.0
2024-03-20T06:50:02Z,87.0
2024-03-20T06:50:07Z,84.0
2024-03-20T06:50:12Z,83.0
2024-03-20T06:50:17Z,86.0
2024-03-20T06:50:22Z,88.0
2024-03-20T06:50:27Z,84.0
2024-03-20T06:50:32Z,80.0
2024-03-20T06:50:37Z,79.0
2024-03-20T06:50:42Z,81.0
2024-03-20T06:50:47Z,83.0
2024-03-20T06:50:52Z,85.0
2024-03-20T06:50:57Z,84.0
2024-03-20T06:51:02Z,86.0
2024-03-20T06:51:07Z,87.0
2024-03-20T06:51:12Z,86.0
2024-03-20T06:51:17Z,84.0
2024-03-20T06:51:22Z,81.0
2024-03-20T06:51:27Z,78.0
2024-03-20T06:51:32Z,75.0
2024-03-20T06:51:37Z,74.0
2024-03-20T06:51:42Z,73.0
2024-03-20T06:51:47Z,72.0
2024-03-20T06:51:52Z,71.0
2024-03-20T06:51:57Z,67.0
2024-03-20T06:52:02Z,64.0
2024-03-20T06:52:07Z,62.0
2024-03-20T06:52:12Z,59.0
2024-03-20T06:52:17Z,58.0
2024-03-20T06:52:22Z,57.0
2024-03-20T06:52:27Z,57.0
2024-03-20T06:52:42Z,57.0
2024-03-20T06:52:47Z,58.0
2024-03-20T06:52:57Z,58.0
2024-03-20T06:53:02Z,58.0
2024-03-20T06:53:07Z,59.0
2024-03-20T06:53:12Z,60.0
2024-03-20T06:53:17Z,61.0
2024-03-20T06:53:22Z,62.0
2024-03-20T06:53:37Z,63.0
2024-03-20T06:53:42Z,64.0
2024-03-20T06:53:47Z,66.0
2024-03-20T06:53:52Z,67.0
2024-03-20T06:53:57Z,69.0
2024-03-20T06:54:02Z,71.0
2024-03-20T06:54:07Z,73.0
2024-03-20T06:54:12Z,74.0
2024-03-20T06:54:17Z,73.0
2024-03-20T06:54:27Z,71.0
2024-03-20T06:54:32Z,70.0
2024-03-20T06:54:37Z,68.0
2024-03-20T06:54:42Z,67.0
2024-03-20T06:54:47Z,66.0
2024-03-20T06:54:52Z,65.0
2024-03-20T06:54:57Z,66.0
2024-03-20T06:55:02Z,66.0
2024-03-20T06:55:07Z,65.0
2024-03-20T06:55:12Z,66.0
2024-03-20T06:55:17Z,65.0
2024-03-20T06:55:22Z,66.0
2024-03-20T06:55:27Z,65.0
2024-03-20T06:55:32Z,64.0
2024-03-20T06:55:37Z,63.0
2024-03-20T06:55:52Z,62.0
2024-03-20T06:56:02Z,61.0
2024-03-20T06:56:07Z,60.0
2024-03-20T06:56:17Z,61.0
2024-03-20T06:56:27Z,62.0
2024-03-20T06:56:32Z,61.0
2024-03-20T06:56:37Z,59.0
2024-03-20T06:56:42Z,58.0
2024-03-20T06:56:47Z,60.0
2024-03-20T06:56:52Z,61.0
2024-03-20T06:56:57Z,63.0
2024-03-20T06:57:02Z,68.0
2024-03-20T06:57:07Z,67.0
2024-03-20T06:57:12Z,66.0
2024-03-20T06:57:22Z,61.0
2024-03-20T06:57:27Z,57.0
2024-03-20T06:57:32Z,56.0
2024-03-20T06:57:37Z,55.0
2024-03-20T06:57:42Z,57.0
2024-03-20T06:57:47Z,57.0
2024-03-20T06:57:52Z,58.0
2024-03-20T06:57:57Z,60.0
2024-03-20T06:58:07Z,64.0
2024-03-20T06:58:17Z,63.0
2024-03-20T06:58:22Z,62.0
2024-03-20T06:58:27Z,61.0
2024-03-20T06:58:37Z,60.0
2024-03-20T06:58:47Z,61.0
2024-03-20T06:58:52Z,64.0
2024-03-20T06:58:57Z,66.0
2024-03-20T06:59:02Z,67.0
2024-03-20T06:59:07Z,69.0
2024-03-20T06:59:12Z,70.0
2024-03-20T06:59:17Z,71.0
2024-03-20T06:59:27Z,71.0
2024-03-20T06:59:32Z,69.0
2024-03-20T06:59:42Z,68.0
2024-03-20T06:59:47Z,66.0
2024-03-20T06:59:57Z,65.0
2024-03-20T07:00:02Z,63.0
2024-03-20T07:00:07Z,62.0
2024-03-20T07:00:12Z,62.0
2024-03-20T07:00:17Z,63.0
2024-03-20T07:00:22Z,67.0
2024-03-20T07:00:27Z,71.0
2024-03-20T07:00:32Z,69.0
2024-03-20T07:00:37Z,67.0
2024-03-20T07:00:42Z,65.0
2024-03-20T07:00:47Z,64.0
2024-03-20T07:00:52Z,63.0
2024-03-20T07:00:57Z,63.0
2024-03-20T07:01:02Z,62.0
2024-03-20T07:01:17Z,62.0
2024-03-20T07:01:27Z,61.0
2024-03-20T07:01:32Z,62.0
2024-03-20T07:01:37Z,63.0
2024-03-20T07:01:42Z,64.0
2024-03-20T07:01:47Z,68.0
2024-03-20T07:01:52Z,70.0
2024-03-20T07:01:57Z,67.0
2024-03-20T07:02:02Z,64.0
2024-03-20T07:02:07Z,63.0
2024-03-20T07:02:22Z,65.0
2024-03-20T07:02:27Z,65.0
2024-03-20T07:02:32Z,64.0
2024-03-20T07:02:42Z,64.0
2024-03-20T07:02:52Z,63.0
2024-03-20T07:02:57Z,64.0
2024-03-20T07:03:02Z,63.0
2024-03-20T07:03:07Z,65.0
2024-03-20T07:03:12Z,65.0
2024-03-20T07:03:17Z,64.0
2024-03-20T07:03:22Z,62.0
2024-03-20T07:03:27Z,60.0
2024-03-20T07:03:32Z,58.0
2024-03-20T07:03:37Z,58.0
2024-03-20T07:03:52Z,59.0
2024-03-20T07:03:57Z,60.0
2024-03-20T07:04:02Z,61.0
2024-03-20T07:04:12Z,62.0
2024-03-20T07:04:17Z,64.0
2024-03-20T07:04:22Z,65.0
2024-03-20T07:04:27Z,66.0
2024-03-20T07:04:32Z,67.0
2024-03-20T07:04:37Z,66.0
2024-03-20T07:04:42Z,65.0
2024-03-20T07:04:47Z,67.0
2024-03-20T07:04:52Z,68.0
2024-03-20T07:04:57Z,70.0
2024-03-20T07:05:02Z,69.0
2024-03-20T07:05:07Z,67.0
2024-03-20T07:05:12Z,67.0
2024-03-20T07:05:22Z,67.0
2024-03-20T07:05:32Z,65.0
2024-03-20T07:05:37Z,64.0
2024-03-20T07:05:42Z,63.0
2024-03-20T07:05:52Z,65.0
2024-03-20T07:05:57Z,67.0
2024-03-20T07:06:02Z,68.0
2024-03-20T07:06:17Z,69.0
2024-03-20T07:06:22Z,70.0
2024-03-20T07:06:27Z,69.0
2024-03-20T07:06:32Z,69.0
2024-03-20T07:06:37Z,69.0
2024-03-20T07:06:52Z,69.0
2024-03-20T07:06:57Z,69.0
2024-03-20T07:07:02Z,68.0
2024-03-20T07:07:07Z,68.0
2024-03-20T07:07:12Z,70.0
2024-03-20T07:07:17Z,69.0
2024-03-20T07:07:22Z,67.0
2024-03-20T07:07:27Z,66.0
2024-03-20T07:07:32Z,65.0
2024-03-20T07:07:37Z,64.0
2024-03-20T07:07:42Z,64.0
2024-03-20T07:07:47Z,63.0
2024-03-20T07:07:52Z,64.0
2024-03-20T07:07:57Z,65.0
2024-03-20T07:08:02Z,64.0
2024-03-20T07:08:07Z,64.0
2024-03-20T07:08:12Z,68.0
2024-03-20T07:08:17Z,71.0
2024-03-20T07:08:27Z,68.0
2024-03-20T07:08:32Z,65.0
2024-03-20T07:08:37Z,63.0
2024-03-20T07:08:42Z,60.0
2024-03-20T07:08:47Z,62.0
2024-03-20T07:08:52Z,63.0
2024-03-20T07:08:57Z,61.0
2024-03-20T07:09:02Z,59.0
2024-03-20T07:09:07Z,57.0
2024-03-20T07:09:12Z,54.0
2024-03-20T07:09:17Z,53.0
2024-03-20T07:09:22Z,51.0
2024-03-20T07:09:37Z,52.0
2024-03-20T07:09:52Z,51.0
2024-03-20T07:10:07Z,52.0
2024-03-20T07:10:12Z,54.0
2024-03-20T07:10:22Z,55.0
2024-03-20T07:10:32Z,54.0
2024-03-20T07:10:37Z,55.0
2024-03-20T07:10:52Z,54.0
2024-03-20T07:10:57Z,55.0
2024-03-20T07:11:07Z,57.0
2024-03-20T07:11:17Z,55.0
2024-03-20T07:11:32Z,54.0
2024-03-20T07:11:37Z,55.0
2024-03-20T07:11:52Z,55.0
2024-03-20T07:11:57Z,53.0
2024-03-20T07:12:12Z,53.0
2024-03-20T07:12:17Z,52.0
2024-03-20T07:12:22Z,53.0
2024-03-20T07:12:27Z,54.0
2024-03-20T07:12:32Z,53.0
2024-03-20T07:12:37Z,53.0
2024-03-20T07:12:42Z,54.0
2024-03-20T07:12:47Z,55.0
2024-03-20T07:12:52Z,53.0
2024-03-20T07:12:57Z,52.0
2024-03-20T07:13:07Z,51.0
2024-03-20T07:13:12Z,52.0
2024-03-20T07:13:17Z,53.0
2024-03-20T07:13:27Z,52.0
2024-03-20T07:13:32Z,51.0
2024-03-20T07:13:37Z,50.0
2024-03-20T07:13:42Z,51.0
2024-03-20T07:13:47Z,52.0
2024-03-20T07:14:02Z,52.0
2024-03-20T07:14:07Z,53.0
2024-03-20T07:14:12Z,56.0
2024-03-20T07:14:17Z,57.0
2024-03-20T07:14:22Z,56.0
2024-03-20T07:14:27Z,55.0
2024-03-20T07:14:34Z,53.0
2024-03-20T07:14:49Z,52.0
2024-03-20T07:14:54Z,52.0
2024-03-20T07:14:59Z,51.0
2024-03-20T07:15:04Z,53.0
2024-03-20T07:15:09Z,52.0
2024-03-20T07:15:14Z,51.0
2024-03-20T07:15:29Z,51.0
2024-03-20T07:15:34Z,52.0
2024-03-20T07:15:39Z,55.0
2024-03-20T07:15:44Z,58.0
2024-03-20T07:15:49Z,59.0
2024-03-20T07:15:54Z,58.0
2024-03-20T07:15:59Z,55.0
2024-03-20T07:16:04Z,54.0
2024-03-20T07:16:09Z,55.0
2024-03-20T07:16:14Z,54.0
2024-03-20T07:16:19Z,56.0
2024-03-20T07:16:24Z,59.0
2024-03-20T07:16:29Z,58.0
2024-03-20T07:16:34Z,56.0
2024-03-20T07:16:39Z,55.0
2024-03-20T07:16:44Z,53.0
2024-03-20T07:16:59Z,55.0
2024-03-20T07:17:04Z,56.0
2024-03-20T07:17:19Z,55.0
2024-03-20T07:17:29Z,56.0
2024-03-20T07:17:34Z,55.0
2024-03-20T07:17:39Z,54.0
2024-03-20T07:17:44Z,53.0
2024-03-20T07:17:49Z,52.0
2024-03-20T07:17:54Z,53.0
2024-03-20T07:18:09Z,52.0
2024-03-20T07:18:14Z,51.0
2024-03-20T07:18:19Z,49.0
2024-03-20T07:18:29Z,48.0
2024-03-20T07:18:39Z,49.0
2024-03-20T07:18:44Z,50.0
2024-03-20T07:18:54Z,51.0
2024-03-20T07:18:59Z,50.0
2024-03-20T07:19:04Z,51.0
2024-03-20T07:19:09Z,53.0
2024-03-20T07:19:14Z,54.0
2024-03-20T07:19:24Z,52.0
2024-03-20T07:19:29Z,51.0
2024-03-20T07:19:34Z,50.0
2024-03-20T07:19:49Z,50.0
2024-03-20T07:19:54Z,51.0
2024-03-20T07:20:09Z,54.0
2024-03-20T07:20:14Z,61.0
2024-03-20T07:20:19Z,64.0
2024-03-20T07:20:24Z,65.0
2024-03-20T07:20:29Z,62.0
2024-03-20T07:20:34Z,60.0
2024-03-20T07:20:39Z,58.0
2024-03-20T07:20:44Z,59.0
2024-03-20T07:20:49Z,62.0
2024-03-20T07:20:54Z,66.0
2024-03-20T07:20:59Z,68.0
2024-03-20T07:21:04Z,65.0
2024-03-20T07:21:09Z,63.0
2024-03-20T07:21:19Z,62.0
2024-03-20T07:21:24Z,61.0
2024-03-20T07:21:29Z,60.0
2024-03-20T07:21:34Z,61.0
2024-03-20T07:21:39Z,63.0
2024-03-20T07:21:44Z,67.0
2024-03-20T07:21:49Z,69.0
2024-03-20T07:21:54Z,68.0
2024-03-20T07:22:09Z,66.0
2024-03-20T07:22:14Z,63.0
2024-03-20T07:22:19Z,62.0
2024-03-20T07:22:24Z,64.0
2024-03-20T07:22:29Z,68.0
2024-03-20T07:22:34Z,70.0
2024-03-20T07:22:39Z,68.0
2024-03-20T07:22:44Z,67.0
2024-03-20T07:22:49Z,64.0
2024-03-20T07:22:54Z,62.0
2024-03-20T07:23:04Z,64.0
2024-03-20T07:23:09Z,66.0
2024-03-20T07:23:14Z,66.0
2024-03-20T07:23:19Z,65.0
2024-03-20T07:23:24Z,64.0
2024-03-20T07:23:34Z,65.0
2024-03-20T07:23:39Z,67.0
2024-03-20T07:23:44Z,67.0
2024-03-20T07:23:49Z,63.0
2024-03-20T07:23:54Z,59.0
2024-03-20T07:23:59Z,56.0
2024-03-20T07:24:04Z,54.0
2024-03-20T07:24:19Z,53.0
2024-03-20T07:24:24Z,52.0
2024-03-20T07:24:34Z,53.0
2024-03-20T07:24:49Z,54.0
2024-03-20T07:24:54Z,55.0
2024-03-20T07:25:04Z,54.0
2024-03-20T07:25:14Z,55.0
2024-03-20T07:25:19Z,56.0
2024-03-20T07:25:24Z,59.0
2024-03-20T07:25:29Z,61.0
2024-03-20T07:25:34Z,63.0
2024-03-20T07:25:39Z,61.0
2024-03-20T07:25:49Z,59.0
2024-03-20T07:25:59Z,58.0
2024-03-20T07:26:04Z,59.0
2024-03-20T07:26:09Z,58.0
2024-03-20T07:26:19Z,59.0
2024-03-20T07:26:24Z,57.0
2024-03-20T07:26:34Z,58.0
2024-03-20T07:26:39Z,57.0
2024-03-20T07:26:44Z,55.0
2024-03-20T07:26:49Z,54.0
2024-03-20T07:26:54Z,53.0
2024-03-20T07:26:59Z,52.0
2024-03-20T07:27:09Z,53.0
2024-03-20T07:27:19Z,56.0
2024-03-20T07:27:24Z,57.0
2024-03-20T07:27:29Z,59.0
2024-03-20T07:27:39Z,58.0
2024-03-20T07:27:44Z,57.0
2024-03-20T07:27:49Z,56.0
2024-03-20T07:27:54Z,57.0
2024-03-20T07:27:59Z,58.0
2024-03-20T07:28:09Z,59.0
2024-03-20T07:28:14Z,58.0
2024-03-20T07:28:19Z,57.0
2024-03-20T07:28:24Z,55.0
2024-03-20T07:28:29Z,53.0
2024-03-20T07:28:39Z,52.0
2024-03-20T07:28:54Z,53.0
2024-03-20T07:28:59Z,54.0
2024-03-20T07:29:04Z,56.0
2024-03-20T07:29:09Z,57.0
2024-03-20T07:29:14Z,58.0
2024-03-20T07:29:19Z,61.0
2024-03-20T07:29:24Z,60.0
2024-03-20T07:29:34Z,59.0
2024-03-20T07:29:39Z,58.0
2024-03-20T07:29:44Z,59.0
2024-03-20T07:29:49Z,58.0
2024-03-20T07:29:54Z,59.0
2024-03-20T07:30:04Z,60.0
2024-03-20T07:30:14Z,58.0
2024-03-20T07:30:24Z,61.0
2024-03-20T07:30:34Z,62.0
2024-03-20T07:30:39Z,61.0
2024-03-20T07:30:49Z,60.0
2024-03-20T07:30:54Z,59.0
2024-03-20T07:30:59Z,60.0
2024-03-20T07:31:04Z,61.0
2024-03-20T07:31:09Z,63.0
2024-03-20T07:31:14Z,65.0
2024-03-20T07:31:24Z,64.0
2024-03-20T07:31:29Z,63.0
2024-03-20T07:31:34Z,61.0
2024-03-20T07:31:39Z,62.0
2024-03-20T07:31:49Z,63.0
2024-03-20T07:31:59Z,60.0
2024-03-20T07:32:04Z,59.0
2024-03-20T07:32:09Z,61.0
2024-03-20T07:32:19Z,60.0
2024-03-20T07:32:24Z,58.0
2024-03-20T07:32:29Z,56.0
2024-03-20T07:32:44Z,56.0
2024-03-20T07:32:49Z,57.0
2024-03-20T07:32:59Z,58.0
2024-03-20T07:33:04Z,58.0
2024-03-20T07:33:09Z,57.0
2024-03-20T07:33:24Z,56.0
2024-03-20T07:33:39Z,56.0
2024-03-20T07:33:44Z,55.0
2024-03-20T07:33:59Z,57.0
2024-03-20T07:34:04Z,59.0
2024-03-20T07:34:09Z,57.0
2024-03-20T07:34:14Z,55.0
2024-03-20T07:34:19Z,54.0
2024-03-20T07:34:29Z,55.0
2024-03-20T07:34:34Z,57.0
2024-03-20T07:34:39Z,59.0
2024-03-20T07:34:44Z,57.0
2024-03-20T07:34:49Z,55.0
2024-03-20T07:34:59Z,54.0
2024-03-20T07:35:09Z,55.0
2024-03-20T07:35:14Z,57.0
2024-03-20T07:35:19Z,60.0
2024-03-20T07:35:24Z,63.0
2024-03-20T07:35:29Z,60.0
2024-03-20T07:35:34Z,58.0
2024-03-20T07:35:39Z,56.0
2024-03-20T07:35:44Z,54.0
2024-03-20T07:35:49Z,53.0
2024-03-20T07:36:04Z,53.0
2024-03-20T07:36:14Z,54.0
2024-03-20T07:36:19Z,55.0
2024-03-20T07:36:24Z,56.0
2024-03-20T07:36:29Z,55.0
2024-03-20T07:36:34Z,54.0
2024-03-20T07:36:44Z,55.0
2024-03-20T07:36:49Z,58.0
2024-03-20T07:36:54Z,61.0
2024-03-20T07:36:59Z,63.0
2024-03-20T07:37:04Z,62.0
2024-03-20T07:37:09Z,58.0
2024-03-20T07:37:14Z,56.0
2024-03-20T07:37:19Z,54.0
2024-03-20T07:37:29Z,57.0
2024-03-20T07:37:34Z,58.0
2024-03-20T07:37:39Z,59.0
2024-03-20T07:37:44Z,65.0
2024-03-20T07:37:49Z,68.0
2024-03-20T07:37:54Z,69.0
2024-03-20T07:37:59Z,70.0
2024-03-20T07:38:04Z,69.0
2024-03-20T07:38:09Z,68.0
2024-03-20T07:38:14Z,71.0
2024-03-20T07:38:19Z,72.0
2024-03-20T07:38:24Z,71.0
2024-03-20T07:38:29Z,69.0
2024-03-20T07:38:34Z,68.0
2024-03-20T07:38:39Z,69.0
2024-03-20T07:38:44Z,73.0
2024-03-20T07:38:49Z,75.0
2024-03-20T07:38:54Z,77.0
2024-03-20T07:38:59Z,79.0
2024-03-20T07:39:09Z,80.0
2024-03-20T07:39:14Z,79.0
2024-03-20T07:39:19Z,77.0
2024-03-20T07:39:24Z,75.0
2024-03-20T07:39:34Z,73.0
2024-03-20T07:39:39Z,67.0
2024-03-20T07:39:44Z,64.0
2024-03-20T07:39:49Z,63.0
2024-03-20T07:39:54Z,64.0
2024-03-20T07:39:59Z,64.0
2024-03-20T07:40:04Z,61.0
2024-03-20T07:40:09Z,60.0
2024-03-20T07:40:14Z,61.0
2024-03-20T07:40:19Z,63.0
2024-03-20T07:40:29Z,61.0
2024-03-20T07:40:34Z,61.0
2024-03-20T07:40:44Z,63.0
2024-03-20T07:40:49Z,63.0
2024-03-20T07:40:54Z,67.0
2024-03-20T07:40:59Z,72.0
2024-03-20T07:41:04Z,77.0
2024-03-20T07:41:09Z,84.0
2024-03-20T07:41:14Z,83.0
2024-03-20T07:41:19Z,80.0
2024-03-20T07:41:24Z,84.0
2024-03-20T07:41:29Z,83.0
2024-03-20T07:41:34Z,81.0
2024-03-20T07:41:39Z,80.0
2024-03-20T07:41:44Z,78.0
2024-03-20T07:41:49Z,79.0
2024-03-20T07:41:54Z,82.0
2024-03-20T07:41:59Z,84.0
2024-03-20T07:42:04Z,87.0
2024-03-20T07:42:09Z,85.0
2024-03-20T07:42:14Z,83.0
2024-03-20T07:42:19Z,84.0
2024-03-20T07:42:24Z,85.0
2024-03-20T07:42:29Z,82.0
2024-03-20T07:42:34Z,76.0
2024-03-20T07:42:39Z,72.0
2024-03-20T07:42:44Z,71.0
2024-03-20T07:42:49Z,70.0
2024-03-20T07:42:59Z,68.0
2024-03-20T07:43:04Z,64.0
2024-03-20T07:43:09Z,61.0
2024-03-20T07:43:14Z,59.0
2024-03-20T07:43:19Z,58.0
2024-03-20T07:43:24Z,57.0
2024-03-20T07:43:29Z,58.0
2024-03-20T07:43:34Z,60.0
2024-03-20T07:43:39Z,61.0
2024-03-20T07:43:44Z,61.0
2024-03-20T07:43:49Z,59.0
2024-03-20T07:43:59Z,60.0
2024-03-20T07:44:04Z,60.0
2024-03-20T07:44:09Z,59.0
2024-03-20T07:44:14Z,61.0
2024-03-20T07:44:19Z,63.0
2024-03-20T07:44:24Z,66.0
2024-03-20T07:44:29Z,67.0
2024-03-20T07:44:39Z,66.0
2024-03-20T07:44:49Z,64.0
2024-03-20T07:44:54Z,65.0
2024-03-20T07:45:04Z,66.0
2024-03-20T07:45:09Z,68.0
2024-03-20T07:45:14Z,70.0
2024-03-20T07:45:19Z,69.0
2024-03-20T07:45:24Z,67.0
2024-03-20T07:45:29Z,63.0
2024-03-20T07:45:34Z,61.0
2024-03-20T07:45:39Z,60.0
2024-03-20T07:45:44Z,59.0
2024-03-20T07:45:49Z,58.0
2024-03-20T07:46:04Z,59.0
2024-03-20T07:46:14Z,58.0
2024-03-20T07:46:29Z,58.0
2024-03-20T07:46:34Z,59.0
2024-03-20T07:46:44Z,57.0
2024-03-20T07:46:49Z,57.0
2024-03-20T07:46:54Z,56.0
2024-03-20T07:47:04Z,55.0
2024-03-20T07:47:19Z,54.0
2024-03-20T07:47:34Z,54.0
2024-03-20T07:47:39Z,53.0
2024-03-20T07:47:49Z,54.0
2024-03-20T07:47:59Z,56.0
2024-03-20T07:48:04Z,57.0
2024-03-20T07:48:14Z,58.0
2024-03-20T07:48:19Z,59.0
2024-03-20T07:48:29Z,61.0
2024-03-20T07:48:34Z,62.0
2024-03-20T07:48:39Z,64.0
2024-03-20T07:48:54Z,64.0
2024-03-20T07:48:59Z,63.0
2024-03-20T07:49:04Z,60.0
2024-03-20T07:49:09Z,58.0
2024-03-20T07:49:14Z,57.0
2024-03-20T07:49:19Z,57.0
2024-03-20T07:49:24Z,56.0
2024-03-20T07:49:29Z,57.0
2024-03-20T07:49:34Z,58.0
2024-03-20T07:49:44Z,56.0
2024-03-20T07:49:49Z,55.0
2024-03-20T07:49:54Z,54.0
2024-03-20T07:49:59Z,56.0
2024-03-20T07:50:04Z,59.0
2024-03-20T07:50:09Z,65.0
2024-03-20T07:50:19Z,69.0
2024-03-20T07:50:24Z,70.0
2024-03-20T07:50:29Z,73.0
2024-03-20T07:50:34Z,71.0
2024-03-20T07:50:39Z,73.0
2024-03-20T07:50:44Z,78.0
2024-03-20T07:50:49Z,82.0
2024-03-20T07:50:54Z,81.0
2024-03-20T07:51:09Z,78.0
2024-03-20T07:51:14Z,70.0
2024-03-20T07:51:19Z,67.0
2024-03-20T07:51:24Z,70.0
2024-03-20T07:51:29Z,74.0
2024-03-20T07:51:34Z,70.0
2024-03-20T07:51:39Z,72.0
2024-03-20T07:51:44Z,67.0
2024-03-20T07:51:49Z,62.0
2024-03-20T07:51:54Z,59.0
2024-03-20T07:51:59Z,61.0
2024-03-20T07:52:04Z,63.0
2024-03-20T07:52:09Z,68.0
2024-03-20T07:52:14Z,73.0
2024-03-20T07:52:19Z,74.0
2024-03-20T07:52:24Z,77.0
2024-03-20T07:52:29Z,78.0
2024-03-20T07:52:39Z,77.0
2024-03-20T07:52:49Z,76.0
2024-03-20T07:52:54Z,73.0
2024-03-20T07:52:59Z,70.0
2024-03-20T07:53:04Z,68.0
2024-03-20T07:53:09Z,67.0
2024-03-20T07:53:14Z,66.0
2024-03-20T07:53:19Z,63.0
2024-03-20T07:53:24Z,60.0
2024-03-20T07:53:29Z,59.0
2024-03-20T07:53:39Z,57.0
2024-03-20T07:53:44Z,56.0
2024-03-20T07:53:49Z,59.0
2024-03-20T07:53:54Z,62.0
2024-03-20T07:54:04Z,62.0
2024-03-20T07:54:09Z,62.0
2024-03-20T07:54:14Z,62.0
2024-03-20T07:54:19Z,60.0
2024-03-20T07:54:24Z,59.0
2024-03-20T07:54:29Z,58.0
2024-03-20T07:54:34Z,57.0
2024-03-20T07:54:39Z,56.0
2024-03-20T07:54:49Z,57.0
2024-03-20T07:55:04Z,58.0
2024-03-20T07:55:09Z,60.0
2024-03-20T07:55:14Z,62.0
2024-03-20T07:55:19Z,66.0
2024-03-20T07:55:24Z,68.0
2024-03-20T07:55:29Z,69.0
2024-03-20T07:55:34Z,68.0
2024-03-20T07:55:39Z,66.0
2024-03-20T07:55:49Z,65.0
2024-03-20T07:55:59Z,64.0
2024-03-20T07:56:04Z,63.0
2024-03-20T07:56:09Z,61.0
2024-03-20T07:56:14Z,59.0
2024-03-20T07:56:29Z,59.0
2024-03-20T07:56:34Z,62.0
2024-03-20T07:56:39Z,63.0
2024-03-20T07:56:49Z,60.0
2024-03-20T07:56:54Z,59.0
2024-03-20T07:57:04Z,58.0
2024-03-20T07:57:09Z,57.0
2024-03-20T07:57:14Z,56.0
2024-03-20T07:57:24Z,56.0
2024-03-20T07:57:29Z,55.0
2024-03-20T07:57:34Z,54.0
2024-03-20T07:57:39Z,54.0
2024-03-20T07:57:44Z,55.0
2024-03-20T07:57:54Z,57.0
2024-03-20T07:57:59Z,58.0
2024-03-20T07:58:04Z,57.0
2024-03-20T07:58:09Z,58.0
2024-03-20T07:58:14Z,60.0
2024-03-20T07:58:19Z,59.0
2024-03-20T07:58:24Z,60.0
2024-03-20T07:58:29Z,61.0
2024-03-20T07:58:34Z,63.0
2024-03-20T07:58:39Z,65.0
2024-03-20T07:58:44Z,64.0
2024-03-20T07:58:49Z,64.0
2024-03-20T07:58:54Z,62.0
2024-03-20T07:58:59Z,61.0
2024-03-20T07:59:04Z,63.0
2024-03-20T07:59:09Z,64.0
2024-03-20T07:59:14Z,65.0
2024-03-20T07:59:19Z,66.0
2024-03-20T07:59:24Z,65.0
2024-03-20T07:59:34Z,65.0
2024-03-20T07:59:39Z,64.0
2024-03-20T07:59:54Z,61.0
2024-03-20T07:59:59Z,60.0
2024-03-20T08:00:04Z,61.0
2024-03-20T08:00:09Z,60.0
2024-03-20T08:00:14Z,58.0
2024-03-20T08:00:19Z,59.0
2024-03-20T08:00:24Z,57.0
2024-03-20T08:00:29Z,55.0
2024-03-20T08:00:34Z,57.0
2024-03-20T08:00:39Z,61.0
2024-03-20T08:00:44Z,67.0
2024-03-20T08:00:54Z,65.0
2024-03-20T08:00:59Z,63.0
2024-03-20T08:01:04Z,61.0
2024-03-20T08:01:14Z,62.0
2024-03-20T08:01:19Z,63.0
2024-03-20T08:01:24Z,64.0
2024-03-20T08:01:29Z,66.0
2024-03-20T08:01:34Z,70.0
2024-03-20T08:01:39Z,73.0
2024-03-20T08:01:44Z,72.0
2024-03-20T08:01:49Z,71.0
2024-03-20T08:01:54Z,72.0
2024-03-20T08:01:59Z,72.0
2024-03-20T08:02:09Z,71.0
2024-03-20T08:02:14Z,70.0
2024-03-20T08:02:19Z,68.0
2024-03-20T08:02:24Z,66.0
2024-03-20T08:02:29Z,63.0
2024-03-20T08:02:34Z,61.0
2024-03-20T08:02:39Z,61.0
2024-03-20T08:02:44Z,64.0
2024-03-20T08:02:49Z,65.0
2024-03-20T08:02:54Z,66.0
2024-03-20T08:02:59Z,69.0
2024-03-20T08:03:04Z,70.0
2024-03-20T08:03:09Z,71.0
2024-03-20T08:03:14Z,67.0
2024-03-20T08:03:19Z,65.0
2024-03-20T08:03:24Z,63.0
2024-03-20T08:03:29Z,62.0
2024-03-20T08:03:34Z,60.0
2024-03-20T08:03:39Z,59.0
2024-03-20T08:03:44Z,63.0
2024-03-20T08:03:49Z,65.0
2024-03-20T08:03:54Z,67.0
2024-03-20T08:03:59Z,67.0
2024-03-20T08:04:09Z,66.0
2024-03-20T08:04:14Z,65.0
2024-03-20T08:04:19Z,63.0
2024-03-20T08:04:24Z,61.0
2024-03-20T08:04:29Z,60.0
2024-03-20T08:04:39Z,60.0
2024-03-20T08:04:49Z,61.0
2024-03-20T08:04:54Z,62.0
2024-03-20T08:04:59Z,60.0
2024-03-20T08:05:04Z,58.0
2024-03-20T08:05:09Z,57.0
2024-03-20T08:05:14Z,63.0
2024-03-20T08:05:19Z,68.0
2024-03-20T08:05:24Z,71.0
2024-03-20T08:05:29Z,65.0
2024-03-20T08:05:34Z,63.0
2024-03-20T08:05:39Z,62.0
2024-03-20T08:05:44Z,61.0
2024-03-20T08:05:49Z,61.0
2024-03-20T08:05:54Z,64.0
2024-03-20T08:05:59Z,66.0
2024-03-20T08:06:04Z,67.0
2024-03-20T08:06:09Z,68.0
2024-03-20T08:06:19Z,69.0
2024-03-20T08:06:24Z,73.0
2024-03-20T08:06:29Z,71.0
2024-03-20T08:06:39Z,74.0
2024-03-20T08:06:45Z,78.0
2024-03-20T08:06:50Z,77.0
2024-03-20T08:06:55Z,78.0
2024-03-20T08:07:00Z,80.0
2024-03-20T08:07:05Z,76.0
2024-03-20T08:07:10Z,73.0
2024-03-20T08:07:15Z,69.0
2024-03-20T08:07:25Z,74.0
2024-03-20T08:07:30Z,79.0
2024-03-20T08:07:35Z,83.0
2024-03-20T08:07:40Z,79.0
2024-03-20T08:07:45Z,83.0
2024-03-20T08:07:50Z,89.0
2024-03-20T08:07:55Z,90.0
2024-03-20T08:08:00Z,98.0
2024-03-20T08:08:05Z,106.0
2024-03-20T08:08:10Z,116.0
2024-03-20T08:08:15Z,120.0
2024-03-20T08:08:20Z,119.0
2024-03-20T08:08:25Z,118.0
2024-03-20T08:08:30Z,117.0
2024-03-20T08:08:45Z,117.0
2024-03-20T08:08:55Z,113.0
2024-03-20T08:09:00Z,117.0
2024-03-20T08:09:05Z,111.0
2024-03-20T08:09:10Z,96.0
2024-03-20T08:09:15Z,90.0
2024-03-20T08:09:20Z,86.0
2024-03-20T08:09:25Z,82.0
2024-03-20T08:09:30Z,78.0
2024-03-20T08:09:35Z,75.0
2024-03-20T08:09:40Z,79.0
2024-03-20T08:09:45Z,86.0
2024-03-20T08:09:50Z,95.0
2024-03-20T08:09:55Z,99.0
2024-03-20T08:10:00Z,100.0
2024-03-20T08:10:05Z,99.0
2024-03-20T08:10:10Z,96.0
2024-03-20T08:10:15Z,97.0
2024-03-20T08:10:20Z,95.0
2024-03-20T08:10:30Z,94.0
2024-03-20T08:10:35Z,92.0
2024-03-20T08:10:40Z,90.0
2024-03-20T08:10:50Z,91.0
2024-03-20T08:10:55Z,95.0
2024-03-20T08:11:00Z,93.0
2024-03-20T08:11:05Z,92.0
2024-03-20T08:11:10Z,90.0
2024-03-20T08:11:15Z,89.0
2024-03-20T08:11:20Z,88.0
2024-03-20T08:11:25Z,91.0
2024-03-20T08:11:30Z,95.0
2024-03-20T08:11:35Z,97.0
2024-03-20T08:11:45Z,100.0
2024-03-20T08:11:50Z,101.0
2024-03-20T08:12:00Z,105.0
2024-03-20T08:12:05Z,107.0
2024-03-20T08:12:10Z,104.0
2024-03-20T08:12:15Z,102.0
2024-03-20T08:12:20Z,101.0
2024-03-20T08:12:25Z,102.0
2024-03-20T08:12:30Z,106.0
2024-03-20T08:12:35Z,109.0
2024-03-20T08:12:40Z,111.0
2024-03-20T08:12:45Z,110.0
2024-03-20T08:12:50Z,107.0
2024-03-20T08:13:05Z,105.0
2024-03-20T08:13:10Z,109.0
2024-03-20T08:13:15Z,111.0
2024-03-20T08:13:20Z,121.0
2024-03-20T08:13:25Z,125.0
2024-03-20T08:13:30Z,123.0
2024-03-20T08:13:35Z,121.0
2024-03-20T08:13:50Z,120.0
2024-03-20T08:14:00Z,118.0
2024-03-20T08:14:05Z,115.0
2024-03-20T08:14:10Z,109.0
2024-03-20T08:14:15Z,104.0
2024-03-20T08:14:20Z,105.0
2024-03-20T08:14:30Z,107.0
2024-03-20T08:14:35Z,108.0
2024-03-20T08:14:45Z,107.0
2024-03-20T08:14:50Z,110.0
2024-03-20T08:14:55Z,111.0
2024-03-20T08:15:00Z,109.0
2024-03-20T08:15:10Z,105.0
2024-03-20T08:15:15Z,106.0
2024-03-20T08:15:20Z,107.0
2024-03-20T08:15:25Z,110.0
2024-03-20T08:15:30Z,116.0
2024-03-20T08:15:35Z,120.0
2024-03-20T08:15:41Z,120.0
2024-03-20T08:15:51Z,119.0
2024-03-20T08:15:56Z,117.0
2024-03-20T08:16:06Z,116.0
2024-03-20T08:16:11Z,112.0
2024-03-20T08:16:16Z,113.0
2024-03-20T08:16:21Z,117.0
2024-03-20T08:16:36Z,120.0
2024-03-20T08:16:46Z,119.0
2024-03-20T08:16:51Z,120.0
2024-03-20T08:17:01Z,116.0
2024-03-20T08:17:06Z,118.0
2024-03-20T08:17:16Z,115.0
2024-03-20T08:17:21Z,116.0
2024-03-20T08:17:26Z,114.0
2024-03-20T08:17:36Z,110.0
2024-03-20T08:17:41Z,108.0
2024-03-20T08:17:46Z,107.0
2024-03-20T08:17:51Z,108.0
2024-03-20T08:17:57Z,109.0
2024-03-20T08:18:02Z,110.0
2024-03-20T08:18:07Z,107.0
2024-03-20T08:18:12Z,102.0
2024-03-20T08:18:17Z,103.0
2024-03-20T08:18:22Z,104.0
2024-03-20T08:18:27Z,106.0
2024-03-20T08:18:32Z,108.0
2024-03-20T08:18:37Z,107.0
2024-03-20T08:18:52Z,110.0
2024-03-20T08:18:57Z,113.0
2024-03-20T08:19:02Z,110.0
2024-03-20T08:19:07Z,112.0
2024-03-20T08:19:12Z,111.0
2024-03-20T08:19:17Z,109.0
2024-03-20T08:19:22Z,110.0
2024-03-20T08:19:27Z,113.0
2024-03-20T08:19:32Z,115.0
2024-03-20T08:19:37Z,112.0
2024-03-20T08:19:42Z,107.0
2024-03-20T08:19:47Z,106.0
2024-03-20T08:19:52Z,104.0
2024-03-20T08:19:57Z,105.0
2024-03-20T08:20:02Z,103.0
2024-03-20T08:20:07Z,98.0
2024-03-20T08:20:12Z,100.0
2024-03-20T08:20:17Z,103.0
2024-03-20T08:20:22Z,98.0
2024-03-20T08:20:37Z,98.0
2024-03-20T08:20:42Z,93.0
2024-03-20T08:20:47Z,94.0
2024-03-20T08:20:52Z,93.0
2024-03-20T08:20:57Z,91.0
2024-03-20T08:21:02Z,93.0
2024-03-20T08:21:07Z,92.0
2024-03-20T08:21:22Z,94.0
2024-03-20T08:21:32Z,95.0
2024-03-20T08:21:37Z,93.0
2024-03-20T08:21:42Z,90.0
2024-03-20T08:21:47Z,91.0
2024-03-20T08:21:52Z,92.0
2024-03-20T08:21:57Z,91.0
2024-03-20T08:22:02Z,89.0
2024-03-20T08:22:07Z,87.0
2024-03-20T08:22:12Z,88.0
2024-03-20T08:22:17Z,90.0
2024-03-20T08:22:22Z,88.0
2024-03-20T08:22:32Z,86.0
2024-03-20T08:22:42Z,89.0
2024-03-20T08:22:47Z,91.0
2024-03-20T08:22:52Z,90.0
2024-03-20T08:22:57Z,94.0
2024-03-20T08:23:07Z,87.0
2024-03-20T08:23:12Z,88.0
2024-03-20T08:23:17Z,89.0
2024-03-20T08:23:27Z,90.0
2024-03-20T08:23:32Z,87.0
2024-03-20T08:23:42Z,83.0
2024-03-20T08:23:47Z,84.0
2024-03-20T08:23:57Z,85.0
2024-03-20T08:24:02Z,88.0
2024-03-20T08:24:07Z,89.0
2024-03-20T08:24:12Z,87.0
2024-03-20T08:24:22Z,89.0
2024-03-20T08:24:27Z,90.0
2024-03-20T08:24:32Z,94.0
2024-03-20T08:24:37Z,95.0
2024-03-20T08:24:42Z,97.0
2024-03-20T08:24:47Z,96.0
2024-03-20T08:24:52Z,93.0
2024-03-20T08:24:57Z,89.0
2024-03-20T08:25:02Z,88.0
2024-03-20T08:25:07Z,90.0
2024-03-20T08:25:17Z,89.0
2024-03-20T08:25:22Z,86.0
2024-03-20T08:25:27Z,87.0
2024-03-20T08:25:32Z,91.0
2024-03-20T08:25:37Z,92.0
2024-03-20T08:25:42Z,90.0
2024-03-20T08:25:47Z,91.0
2024-03-20T08:25:52Z,92.0
2024-03-20T08:25:57Z,93.0
2024-03-20T08:26:02Z,89.0
2024-03-20T08:26:07Z,88.0
2024-03-20T08:26:12Z,89.0
2024-03-20T08:26:22Z,88.0
2024-03-20T08:26:32Z,89.0
2024-03-20T08:26:37Z,90.0
2024-03-20T08:26:42Z,89.0
2024-03-20T08:26:47Z,87.0
2024-03-20T08:27:02Z,86.0
2024-03-20T08:27:07Z,89.0
2024-03-20T08:27:22Z,86.0
2024-03-20T08:27:27Z,84.0
2024-03-20T08:27:32Z,86.0
2024-03-20T08:27:37Z,84.0
2024-03-20T08:27:42Z,85.0
2024-03-20T08:27:47Z,86.0
2024-03-20T08:28:02Z,87.0
2024-03-20T08:28:12Z,86.0
2024-03-20T08:28:22Z,85.0
2024-03-20T08:28:27Z,84.0
2024-03-20T08:28:37Z,85.0
2024-03-20T08:28:42Z,86.0
2024-03-20T08:28:47Z,87.0
2024-03-20T08:28:52Z,90.0
2024-03-20T08:28:57Z,92.0
2024-03-20T08:29:02Z,93.0
2024-03-20T08:29:07Z,93.0
2024-03-20T08:29:12Z,91.0
2024-03-20T08:29:17Z,95.0
2024-03-20T08:29:22Z,97.0
2024-03-20T08:29:27Z,101.0
2024-03-20T08:29:32Z,99.0
2024-03-20T08:29:37Z,98.0
2024-03-20T08:29:42Z,97.0
2024-03-20T08:29:47Z,96.0
2024-03-20T08:29:52Z,102.0
2024-03-20T08:29:57Z,103.0
2024-03-20T08:30:02Z,100.0
2024-03-20T08:30:07Z,102.0
2024-03-20T08:30:17Z,99.0
2024-03-20T08:30:22Z,98.0
2024-03-20T08:30:27Z,97.0
2024-03-20T08:30:32Z,92.0
2024-03-20T08:30:37Z,90.0
2024-03-20T08:30:42Z,91.0
2024-03-20T08:30:47Z,92.0
2024-03-20T08:30:52Z,88.0
2024-03-20T08:31:02Z,89.0
2024-03-20T08:31:12Z,92.0
2024-03-20T08:31:17Z,93.0
2024-03-20T08:31:22Z,90.0
2024-03-20T08:31:27Z,88.0
2024-03-20T08:31:32Z,87.0
2024-03-20T08:31:37Z,86.0
2024-03-20T08:31:42Z,87.0
2024-03-20T08:31:47Z,90.0
2024-03-20T08:31:52Z,94.0
2024-03-20T08:31:57Z,95.0
2024-03-20T08:32:07Z,93.0
2024-03-20T08:32:12Z,94.0
2024-03-20T08:32:17Z,91.0
2024-03-20T08:32:22Z,89.0
2024-03-20T08:32:32Z,88.0
2024-03-20T08:32:37Z,89.0
2024-03-20T08:32:42Z,86.0
2024-03-20T08:32:47Z,87.0
2024-03-20T08:32:52Z,90.0
2024-03-20T08:33:07Z,88.0
2024-03-20T08:33:12Z,91.0
2024-03-20T08:33:17Z,88.0
2024-03-20T08:33:22Z,87.0
2024-03-20T08:33:27Z,88.0
2024-03-20T08:33:32Z,90.0
2024-03-20T08:33:37Z,89.0
2024-03-20T08:33:42Z,88.0
2024-03-20T08:33:57Z,88.0
2024-03-20T08:34:02Z,86.0
2024-03-20T08:34:07Z,85.0
2024-03-20T08:34:12Z,86.0
2024-03-20T08:34:17Z,85.0
2024-03-20T08:34:22Z,86.0
2024-03-20T08:34:27Z,87.0
2024-03-20T08:34:37Z,91.0
2024-03-20T08:34:52Z,93.0
2024-03-20T08:34:57Z,90.0
2024-03-20T08:35:02Z,91.0
2024-03-20T08:35:07Z,89.0
2024-03-20T08:35:12Z,86.0
2024-03-20T08:35:17Z,87.0
2024-03-20T08:35:22Z,91.0
2024-03-20T08:35:27Z,96.0
2024-03-20T08:35:32Z,99.0
2024-03-20T08:35:37Z,98.0
2024-03-20T08:35:42Z,97.0
2024-03-20T08:35:47Z,98.0
2024-03-20T08:35:52Z,97.0
2024-03-20T08:35:57Z,96.0
2024-03-20T08:36:02Z,98.0
2024-03-20T08:36:07Z,97.0
2024-03-20T08:36:17Z,99.0
2024-03-20T08:36:22Z,96.0
2024-03-20T08:36:27Z,95.0
2024-03-20T08:36:32Z,100.0
2024-03-20T08:36:37Z,98.0
2024-03-20T08:36:47Z,93.0
2024-03-20T08:36:52Z,95.0
2024-03-20T08:37:02Z,96.0
2024-03-20T08:37:07Z,98.0
2024-03-20T08:37:12Z,100.0
2024-03-20T08:37:17Z,99.0
2024-03-20T08:37:22Z,101.0
2024-03-20T08:37:27Z,100.0
2024-03-20T08:37:32Z,104.0
2024-03-20T08:37:37Z,105.0
2024-03-20T08:37:42Z,99.0
2024-03-20T08:37:47Z,97.0
2024-03-20T08:37:52Z,102.0
2024-03-20T08:37:57Z,105.0
2024-03-20T08:38:02Z,104.0
2024-03-20T08:38:17Z,105.0
2024-03-20T08:38:22Z,106.0
2024-03-20T08:38:27Z,105.0
2024-03-20T08:38:32Z,103.0
2024-03-20T08:38:37Z,106.0
2024-03-20T08:38:47Z,107.0
2024-03-20T08:38:52Z,102.0
2024-03-20T08:38:57Z,100.0
2024-03-20T08:39:02Z,102.0
2024-03-20T08:39:07Z,104.0
2024-03-20T08:39:17Z,103.0
2024-03-20T08:39:22Z,102.0
2024-03-20T08:39:37Z,101.0
2024-03-20T08:39:42Z,103.0
2024-03-20T08:39:47Z,104.0
2024-03-20T08:39:52Z,103.0
2024-03-20T08:39:57Z,104.0
2024-03-20T08:40:02Z,102.0
2024-03-20T08:40:07Z,103.0
2024-03-20T08:40:12Z,105.0
2024-03-20T08:40:17Z,102.0
2024-03-20T08:40:22Z,103.0
2024-03-20T08:40:32Z,105.0
2024-03-20T08:40:37Z,106.0
2024-03-20T08:40:42Z,105.0
2024-03-20T08:40:47Z,103.0
2024-03-20T08:40:52Z,102.0
2024-03-20T08:41:02Z,101.0
2024-03-20T08:41:07Z,100.0
2024-03-20T08:41:12Z,101.0
2024-03-20T08:41:17Z,100.0
2024-03-20T08:41:22Z,101.0
2024-03-20T08:41:27Z,102.0
2024-03-20T08:41:32Z,101.0
2024-03-20T08:41:37Z,99.0
2024-03-20T08:41:42Z,100.0
2024-03-20T08:41:47Z,101.0
2024-03-20T08:41:52Z,98.0
2024-03-20T08:42:02Z,100.0
2024-03-20T08:42:07Z,97.0
2024-03-20T08:42:22Z,98.0
2024-03-20T08:42:27Z,100.0
2024-03-20T08:42:32Z,100.0
2024-03-20T08:42:37Z,98.0
2024-03-20T08:42:42Z,95.0
2024-03-20T08:42:47Z,96.0
2024-03-20T08:42:57Z,97.0
2024-03-20T08:43:02Z,98.0
2024-03-20T08:43:12Z,100.0
2024-03-20T08:43:17Z,102.0
2024-03-20T08:43:22Z,97.0
2024-03-20T08:43:27Z,99.0
2024-03-20T08:43:32Z,100.0
2024-03-20T08:43:37Z,99.0
2024-03-20T08:43:42Z,97.0
2024-03-20T08:43:47Z,93.0
2024-03-20T08:43:52Z,96.0
2024-03-20T08:44:07Z,97.0
2024-03-20T08:44:17Z,94.0
2024-03-20T08:44:22Z,91.0
2024-03-20T08:44:27Z,90.0
2024-03-20T08:44:32Z,88.0
2024-03-20T08:44:37Z,86.0
2024-03-20T08:44:42Z,88.0
2024-03-20T08:44:47Z,89.0
2024-03-20T08:44:52Z,90.0
2024-03-20T08:45:02Z,89.0
2024-03-20T08:45:07Z,91.0
2024-03-20T08:45:12Z,90.0
2024-03-20T08:45:17Z,93.0
2024-03-20T08:45:22Z,98.0
2024-03-20T08:45:27Z,99.0
2024-03-20T08:45:32Z,93.0
2024-03-20T08:45:37Z,94.0
2024-03-20T08:45:42Z,96.0
2024-03-20T08:45:47Z,92.0
2024-03-20T08:45:52Z,94.0
2024-03-20T08:45:57Z,96.0
2024-03-20T08:46:02Z,99.0
2024-03-20T08:46:12Z,101.0
2024-03-20T08:46:17Z,99.0
2024-03-20T08:46:32Z,97.0
2024-03-20T08:46:37Z,100.0
2024-03-20T08:46:42Z,101.0
2024-03-20T08:46:47Z,100.0
2024-03-20T08:46:52Z,98.0
2024-03-20T08:47:02Z,97.0
2024-03-20T08:47:07Z,99.0
2024-03-20T08:47:12Z,101.0
2024-03-20T08:47:22Z,102.0
2024-03-20T08:47:27Z,101.0
2024-03-20T08:47:37Z,102.0
2024-03-20T08:47:42Z,103.0
2024-03-20T08:47:47Z,101.0
2024-03-20T08:48:02Z,102.0
2024-03-20T08:48:07Z,101.0
2024-03-20T08:48:12Z,103.0
2024-03-20T08:48:17Z,104.0
2024-03-20T08:48:27Z,103.0
2024-03-20T08:48:42Z,108.0
2024-03-20T08:48:47Z,105.0
2024-03-20T08:48:52Z,103.0
2024-03-20T08:48:57Z,106.0
2024-03-20T08:49:02Z,105.0
2024-03-20T08:49:07Z,97.0
2024-03-20T08:49:12Z,98.0
2024-03-20T08:49:17Z,102.0
2024-03-20T08:49:22Z,100.0
2024-03-20T08:49:27Z,97.0
2024-03-20T08:49:37Z,93.0
2024-03-20T08:49:42Z,91.0
2024-03-20T08:49:47Z,95.0
2024-03-20T08:49:57Z,94.0
2024-03-20T08:50:07Z,93.0
2024-03-20T08:50:22Z,91.0
2024-03-20T08:50:27Z,92.0
2024-03-20T08:50:32Z,91.0
2024-03-20T08:50:37Z,93.0
2024-03-20T08:50:42Z,96.0
2024-03-20T08:50:47Z,90.0
2024-03-20T08:50:52Z,92.0
2024-03-20T08:50:57Z,93.0
2024-03-20T08:51:02Z,95.0
2024-03-20T08:51:07Z,97.0
2024-03-20T08:51:12Z,95.0
2024-03-20T08:51:17Z,92.0
2024-03-20T08:51:27Z,93.0
2024-03-20T08:51:32Z,91.0
2024-03-20T08:51:42Z,90.0
2024-03-20T08:51:52Z,87.0
2024-03-20T08:51:57Z,86.0
2024-03-20T08:52:02Z,89.0
2024-03-20T08:52:07Z,90.0
2024-03-20T08:52:12Z,90.0
2024-03-20T08:52:17Z,89.0
2024-03-20T08:52:27Z,90.0
2024-03-20T08:52:32Z,94.0
2024-03-20T08:52:37Z,95.0
2024-03-20T08:52:42Z,91.0
2024-03-20T08:52:47Z,88.0
2024-03-20T08:52:57Z,89.0
2024-03-20T08:53:02Z,86.0
2024-03-20T08:53:07Z,83.0
2024-03-20T08:53:12Z,84.0
2024-03-20T08:53:17Z,82.0
2024-03-20T08:53:22Z,84.0
2024-03-20T08:53:32Z,85.0
2024-03-20T08:53:37Z,84.0
2024-03-20T08:53:42Z,85.0
2024-03-20T08:53:47Z,86.0
2024-03-20T08:53:52Z,92.0
2024-03-20T08:53:57Z,94.0
2024-03-20T08:54:02Z,93.0
2024-03-20T08:54:07Z,90.0
2024-03-20T08:54:17Z,92.0
2024-03-20T08:54:22Z,93.0
2024-03-20T08:54:27Z,96.0
2024-03-20T08:54:32Z,95.0
2024-03-20T08:54:37Z,97.0
2024-03-20T08:54:42Z,100.0
2024-03-20T08:54:47Z,94.0
2024-03-20T08:54:52Z,92.0
2024-03-20T08:55:02Z,90.0
2024-03-20T08:55:07Z,89.0
2024-03-20T08:55:17Z,87.0
2024-03-20T08:55:22Z,90.0
2024-03-20T08:55:27Z,93.0
2024-03-20T08:55:32Z,91.0
2024-03-20T08:55:47Z,90.0
2024-03-20T08:55:52Z,84.0
2024-03-20T08:55:57Z,85.0
2024-03-20T08:56:02Z,84.0
2024-03-20T08:56:07Z,88.0
2024-03-20T08:56:12Z,90.0
2024-03-20T08:56:17Z,89.0
2024-03-20T08:56:22Z,90.0
2024-03-20T08:56:32Z,89.0
2024-03-20T08:56:37Z,89.0
2024-03-20T08:56:42Z,91.0
2024-03-20T08:56:47Z,89.0
2024-03-20T08:56:52Z,87.0
2024-03-20T08:56:57Z,88.0
2024-03-20T08:57:07Z,86.0
2024-03-20T08:57:12Z,87.0
2024-03-20T08:57:27Z,88.0
2024-03-20T08:57:37Z,84.0
2024-03-20T08:57:42Z,83.0
2024-03-20T08:57:47Z,87.0
2024-03-20T08:57:52Z,90.0
2024-03-20T08:58:02Z,89.0
2024-03-20T08:58:07Z,90.0
2024-03-20T08:58:17Z,86.0
2024-03-20T08:58:22Z,88.0
2024-03-20T08:58:27Z,87.0
2024-03-20T08:58:32Z,89.0
2024-03-20T08:58:37Z,91.0
2024-03-20T08:58:42Z,98.0
2024-03-20T08:58:47Z,104.0
2024-03-20T08:58:52Z,99.0
2024-03-20T08:58:57Z,97.0
2024-03-20T08:59:02Z,94.0
2024-03-20T08:59:07Z,100.0
2024-03-20T08:59:12Z,98.0
2024-03-20T08:59:17Z,95.0
2024-03-20T08:59:22Z,97.0
2024-03-20T08:59:27Z,99.0
2024-03-20T08:59:32Z,100.0
2024-03-20T08:59:37Z,99.0
2024-03-20T08:59:42Z,101.0
2024-03-20T08:59:52Z,105.0
2024-03-20T08:59:57Z,106.0
2024-03-20T09:00:02Z,103.0
2024-03-20T09:00:07Z,99.0
2024-03-20T09:00:12Z,98.0
2024-03-20T09:00:17Z,99.0
2024-03-20T09:00:32Z,96.0
2024-03-20T09:00:37Z,95.0
2024-03-20T09:00:42Z,97.0
2024-03-20T09:00:47Z,99.0
2024-03-20T09:00:52Z,101.0
2024-03-20T09:00:57Z,98.0
2024-03-20T09:01:02Z,96.0
2024-03-20T09:01:07Z,97.0
2024-03-20T09:01:12Z,94.0
2024-03-20T09:01:17Z,98.0
2024-03-20T09:01:32Z,96.0
2024-03-20T09:01:37Z,100.0
2024-03-20T09:01:42Z,99.0
2024-03-20T09:01:47Z,95.0
2024-03-20T09:01:57Z,98.0
2024-03-20T09:02:02Z,100.0
2024-03-20T09:02:07Z,98.0
2024-03-20T09:02:12Z,96.0
2024-03-20T09:02:17Z,98.0
2024-03-20T09:02:22Z,97.0
2024-03-20T09:02:27Z,94.0
2024-03-20T09:02:37Z,96.0
2024-03-20T09:02:42Z,97.0
2024-03-20T09:02:52Z,95.0
2024-03-20T09:02:57Z,90.0
2024-03-20T09:03:02Z,89.0
2024-03-20T09:03:12Z,90.0
2024-03-20T09:03:17Z,88.0
2024-03-20T09:03:22Z,90.0
2024-03-20T09:03:32Z,91.0
2024-03-20T09:03:37Z,94.0
2024-03-20T09:03:42Z,91.0
2024-03-20T09:03:47Z,93.0
2024-03-20T09:03:52Z,95.0
2024-03-20T09:03:57Z,92.0
2024-03-20T09:04:07Z,93.0
2024-03-20T09:04:12Z,99.0
2024-03-20T09:04:17Z,97.0
2024-03-20T09:04:22Z,100.0
2024-03-20T09:04:27Z,97.0
2024-03-20T09:04:32Z,98.0
2024-03-20T09:04:37Z,95.0
2024-03-20T09:04:42Z,96.0
2024-03-20T09:04:47Z,96.0
2024-03-20T09:04:52Z,99.0
2024-03-20T09:04:57Z,101.0
2024-03-20T09:05:02Z,99.0
2024-03-20T09:05:07Z,100.0
2024-03-20T09:05:12Z,102.0
2024-03-20T09:05:17Z,100.0
2024-03-20T09:05:22Z,99.0
2024-03-20T09:05:27Z,92.0
2024-03-20T09:05:32Z,93.0
2024-03-20T09:05:37Z,94.0
2024-03-20T09:05:42Z,93.0
2024-03-20T09:05:47Z,92.0
2024-03-20T09:05:52Z,90.0
2024-03-20T09:05:57Z,88.0
2024-03-20T09:06:02Z,87.0
2024-03-20T09:06:07Z,84.0
2024-03-20T09:06:12Z,85.0
2024-03-20T09:06:17Z,88.0
2024-03-20T09:06:22Z,89.0
2024-03-20T09:06:27Z,90.0
2024-03-20T09:06:32Z,89.0
2024-03-20T09:06:37Z,90.0
2024-03-20T09:06:42Z,92.0
2024-03-20T09:06:47Z,95.0
2024-03-20T09:06:52Z,97.0
2024-03-20T09:06:57Z,96.0
2024-03-20T09:07:02Z,98.0
2024-03-20T09:07:07Z,96.0
2024-03-20T09:07:12Z,95.0
2024-03-20T09:07:17Z,90.0
2024-03-20T09:07:27Z,91.0
2024-03-20T09:07:32Z,92.0
2024-03-20T09:07:37Z,97.0
2024-03-20T09:07:47Z,94.0
2024-03-20T09:07:52Z,92.0
2024-03-20T09:07:57Z,95.0
2024-03-20T09:08:02Z,96.0
2024-03-20T09:08:17Z,100.0
2024-03-20T09:08:22Z,103.0
2024-03-20T09:08:32Z,102.0
2024-03-20T09:08:37Z,100.0
2024-03-20T09:08:42Z,97.0
2024-03-20T09:08:47Z,99.0
2024-03-20T09:08:57Z,98.0
2024-03-20T09:09:02Z,97.0
2024-03-20T09:09:07Z,96.0
2024-03-20T09:09:12Z,94.0
2024-03-20T09:09:17Z,96.0
2024-03-20T09:09:22Z,98.0
2024-03-20T09:09:27Z,94.0
2024-03-20T09:09:32Z,98.0
2024-03-20T09:09:37Z,101.0
2024-03-20T09:09:42Z,99.0
2024-03-20T09:09:47Z,99.0
2024-03-20T09:09:52Z,97.0
2024-03-20T09:09:57Z,96.0
2024-03-20T09:10:02Z,91.0
2024-03-20T09:10:07Z,90.0
2024-03-20T09:10:12Z,89.0
2024-03-20T09:10:22Z,86.0
2024-03-20T09:10:27Z,83.0
2024-03-20T09:10:32Z,82.0
2024-03-20T09:10:37Z,81.0
2024-03-20T09:10:42Z,78.0
2024-03-20T09:10:47Z,79.0
2024-03-20T09:10:52Z,82.0
2024-03-20T09:10:57Z,86.0
2024-03-20T09:11:02Z,89.0
2024-03-20T09:11:07Z,97.0
2024-03-20T09:11:12Z,101.0
2024-03-20T09:11:17Z,99.0
2024-03-20T09:11:22Z,98.0
2024-03-20T09:11:27Z,99.0
2024-03-20T09:11:32Z,99.0
2024-03-20T09:11:37Z,95.0
2024-03-20T09:11:42Z,97.0
2024-03-20T09:11:47Z,96.0
2024-03-20T09:12:02Z,97.0
2024-03-20T09:12:07Z,98.0
2024-03-20T09:12:12Z,102.0
2024-03-20T09:12:17Z,100.0
2024-03-20T09:12:22Z,95.0
2024-03-20T09:12:27Z,94.0
2024-03-20T09:12:32Z,95.0
2024-03-20T09:12:42Z,96.0
2024-03-20T09:12:47Z,93.0
2024-03-20T09:12:52Z,90.0
2024-03-20T09:12:57Z,91.0
2024-03-20T09:13:07Z,93.0
2024-03-20T09:13:12Z,100.0
2024-03-20T09:13:17Z,104.0
2024-03-20T09:13:22Z,103.0
2024-03-20T09:13:27Z,102.0
2024-03-20T09:13:32Z,103.0
2024-03-20T09:13:42Z,102.0
2024-03-20T09:13:47Z,103.0
2024-03-20T09:13:52Z,97.0
2024-03-20T09:14:02Z,100.0
2024-03-20T09:14:07Z,102.0
2024-03-20T09:14:12Z,101.0
2024-03-20T09:14:17Z,94.0
2024-03-20T09:14:22Z,93.0
2024-03-20T09:14:27Z,95.0
2024-03-20T09:14:32Z,96.0
2024-03-20T09:14:37Z,92.0
2024-03-20T09:14:42Z,93.0
2024-03-20T09:14:47Z,93.0
2024-03-20T09:14:52Z,92.0
2024-03-20T09:14:57Z,93.0
2024-03-20T09:15:02Z,95.0
2024-03-20T09:15:07Z,96.0
2024-03-20T09:15:12Z,95.0
2024-03-20T09:15:17Z,92.0
2024-03-20T09:15:22Z,93.0
2024-03-20T09:15:27Z,95.0
2024-03-20T09:15:32Z,96.0
2024-03-20T09:15:37Z,95.0
2024-03-20T09:15:47Z,96.0
2024-03-20T09:15:52Z,98.0
2024-03-20T09:15:57Z,97.0
2024-03-20T09:16:02Z,95.0
2024-03-20T09:16:07Z,97.0
2024-03-20T09:16:12Z,98.0
2024-03-20T09:16:17Z,94.0
2024-03-20T09:16:22Z,95.0
2024-03-20T09:16:27Z,93.0
2024-03-20T09:16:32Z,94.0
2024-03-20T09:16:42Z,96.0
2024-03-20T09:16:52Z,97.0
2024-03-20T09:16:57Z,101.0
2024-03-20T09:17:02Z,100.0
2024-03-20T09:17:07Z,99.0
2024-03-20T09:17:12Z,103.0
2024-03-20T09:17:17Z,103.0
2024-03-20T09:17:22Z,101.0
2024-03-20T09:17:27Z,104.0
2024-03-20T09:17:32Z,103.0
2024-03-20T09:17:37Z,95.0
2024-03-20T09:17:42Z,96.0
2024-03-20T09:17:52Z,97.0
2024-03-20T09:17:57Z,93.0
2024-03-20T09:18:12Z,96.0
2024-03-20T09:18:17Z,95.0
2024-03-20T09:18:22Z,94.0
2024-03-20T09:18:27Z,95.0
2024-03-20T09:18:32Z,94.0
2024-03-20T09:18:37Z,97.0
2024-03-20T09:18:42Z,98.0
2024-03-20T09:18:47Z,97.0
2024-03-20T09:18:52Z,98.0
2024-03-20T09:19:07Z,98.0
2024-03-20T09:19:12Z,97.0
2024-03-20T09:19:17Z,98.0
2024-03-20T09:19:22Z,97.0
2024-03-20T09:19:27Z,98.0
2024-03-20T09:19:37Z,99.0
2024-03-20T09:19:47Z,100.0
2024-03-20T09:19:52Z,102.0
2024-03-20T09:19:57Z,101.0
2024-03-20T09:20:02Z,96.0
2024-03-20T09:20:07Z,87.0
2024-03-20T09:20:12Z,91.0
2024-03-20T09:20:17Z,95.0
2024-03-20T09:20:22Z,94.0
2024-03-20T09:20:32Z,86.0
2024-03-20T09:20:37Z,85.0
2024-03-20T09:20:42Z,89.0
2024-03-20T09:20:47Z,86.0
2024-03-20T09:20:52Z,78.0
2024-03-20T09:20:57Z,79.0
2024-03-20T09:21:02Z,81.0
2024-03-20T09:21:07Z,77.0
2024-03-20T09:21:12Z,75.0
2024-03-20T09:21:17Z,76.0
2024-03-20T09:21:22Z,75.0
2024-03-20T09:21:27Z,73.0
2024-03-20T09:21:37Z,75.0
2024-03-20T09:21:42Z,77.0
2024-03-20T09:21:52Z,76.0
2024-03-20T09:22:07Z,75.0
2024-03-20T09:22:22Z,76.0
2024-03-20T09:22:27Z,77.0
2024-03-20T09:22:37Z,78.0
2024-03-20T09:22:42Z,79.0
2024-03-20T09:22:52Z,77.0
2024-03-20T09:22:57Z,75.0
2024-03-20T09:23:02Z,83.0
2024-03-20T09:23:07Z,87.0
2024-03-20T09:23:12Z,86.0
2024-03-20T09:23:17Z,84.0
2024-03-20T09:23:22Z,86.0
2024-03-20T09:23:27Z,88.0
2024-03-20T09:23:32Z,86.0
2024-03-20T09:23:37Z,84.0
2024-03-20T09:23:47Z,84.0
2024-03-20T09:23:52Z,83.0
2024-03-20T09:23:57Z,89.0
2024-03-20T09:24:07Z,86.0
2024-03-20T09:24:12Z,87.0
2024-03-20T09:24:17Z,87.0
2024-03-20T09:24:22Z,84.0
2024-03-20T09:24:27Z,87.0
2024-03-20T09:24:32Z,86.0
2024-03-20T09:24:37Z,83.0
2024-03-20T09:24:42Z,82.0
2024-03-20T09:24:47Z,83.0
2024-03-20T09:25:02Z,82.0
2024-03-20T09:25:07Z,83.0
2024-03-20T09:25:17Z,84.0
2024-03-20T09:25:27Z,85.0
2024-03-20T09:25:32Z,84.0
2024-03-20T09:25:37Z,86.0
2024-03-20T09:25:42Z,85.0
2024-03-20T09:25:47Z,86.0
2024-03-20T09:25:52Z,89.0
2024-03-20T09:25:57Z,88.0
2024-03-20T09:26:02Z,89.0
2024-03-20T09:26:07Z,91.0
2024-03-20T09:26:12Z,91.0
2024-03-20T09:26:17Z,90.0
2024-03-20T09:26:22Z,88.0
2024-03-20T09:26:27Z,90.0
2024-03-20T09:26:32Z,85.0
2024-03-20T09:26:37Z,87.0
2024-03-20T09:26:42Z,86.0
2024-03-20T09:26:47Z,87.0
2024-03-20T09:26:52Z,88.0
2024-03-20T09:26:57Z,85.0
2024-03-20T09:27:02Z,83.0
2024-03-20T09:27:07Z,85.0
2024-03-20T09:27:17Z,86.0
2024-03-20T09:27:22Z,83.0
2024-03-20T09:27:27Z,77.0
2024-03-20T09:27:42Z,75.0
2024-03-20T09:27:47Z,76.0
2024-03-20T09:27:57Z,77.0
2024-03-20T09:28:02Z,78.0
2024-03-20T09:28:07Z,75.0
2024-03-20T09:28:22Z,80.0
2024-03-20T09:28:27Z,82.0
2024-03-20T09:28:32Z,77.0
2024-03-20T09:28:37Z,75.0
2024-03-20T09:28:42Z,74.0
2024-03-20T09:28:47Z,73.0
2024-03-20T09:29:02Z,76.0
2024-03-20T09:29:12Z,77.0
2024-03-20T09:29:17Z,79.0
2024-03-20T09:29:22Z,81.0
2024-03-20T09:29:27Z,86.0
2024-03-20T09:29:32Z,89.0
2024-03-20T09:29:37Z,81.0
2024-03-20T09:29:42Z,80.0
2024-03-20T09:29:47Z,78.0
2024-03-20T09:29:52Z,79.0
2024-03-20T09:29:57Z,82.0
2024-03-20T09:30:02Z,85.0
2024-03-20T09:30:17Z,82.0
2024-03-20T09:30:22Z,80.0
2024-03-20T09:30:32Z,84.0
2024-03-20T09:30:37Z,83.0
2024-03-20T09:30:42Z,88.0
2024-03-20T09:30:47Z,85.0
2024-03-20T09:30:52Z,84.0
2024-03-20T09:30:57Z,85.0
2024-03-20T09:31:02Z,86.0
2024-03-20T09:31:07Z,87.0
2024-03-20T09:31:12Z,92.0
2024-03-20T09:31:17Z,90.0
2024-03-20T09:31:22Z,89.0
2024-03-20T09:31:37Z,89.0
2024-03-20T09:31:42Z,88.0
2024-03-20T09:31:47Z,87.0
2024-03-20T09:31:52Z,85.0
2024-03-20T09:31:57Z,84.0
2024-03-20T09:32:02Z,85.0
2024-03-20T09:32:17Z,85.0
2024-03-20T09:32:27Z,87.0
2024-03-20T09:32:32Z,92.0
2024-03-20T09:32:37Z,91.0
2024-03-20T09:32:42Z,88.0
2024-03-20T09:32:47Z,91.0
2024-03-20T09:32:52Z,93.0
2024-03-20T09:32:57Z,94.0
2024-03-20T09:33:02Z,97.0
2024-03-20T09:33:07Z,96.0
2024-03-20T09:33:12Z,93.0
2024-03-20T09:33:17Z,95.0
2024-03-20T09:33:22Z,97.0
2024-03-20T09:33:27Z,95.0
2024-03-20T09:33:37Z,97.0
2024-03-20T09:33:42Z,98.0
2024-03-20T09:33:47Z,94.0
2024-03-20T09:33:52Z,91.0
2024-03-20T09:33:57Z,93.0
2024-03-20T09:34:02Z,92.0
2024-03-20T09:34:12Z,94.0
2024-03-20T09:34:17Z,88.0
2024-03-20T09:34:27Z,84.0
2024-03-20T09:34:32Z,87.0
2024-03-20T09:34:37Z,89.0
2024-03-20T09:34:42Z,88.0
2024-03-20T09:34:47Z,87.0
2024-03-20T09:34:52Z,85.0
2024-03-20T09:34:57Z,86.0
2024-03-20T09:35:02Z,87.0
2024-03-20T09:35:07Z,86.0
2024-03-20T09:35:12Z,87.0
2024-03-20T09:35:17Z,89.0
2024-03-20T09:35:22Z,91.0
2024-03-20T09:35:27Z,90.0
2024-03-20T09:35:32Z,91.0
2024-03-20T09:35:42Z,89.0
2024-03-20T09:35:52Z,88.0
2024-03-20T09:35:57Z,86.0
2024-03-20T09:36:07Z,87.0
2024-03-20T09:36:12Z,85.0
2024-03-20T09:36:17Z,82.0
2024-03-20T09:36:22Z,80.0
2024-03-20T09:36:27Z,79.0
2024-03-20T09:36:32Z,80.0
2024-03-20T09:36:37Z,84.0
2024-03-20T09:36:42Z,86.0
2024-03-20T09:36:47Z,87.0
2024-03-20T09:36:52Z,86.0
2024-03-20T09:36:57Z,88.0
2024-03-20T09:37:02Z,92.0
2024-03-20T09:37:07Z,98.0
2024-03-20T09:37:12Z,97.0
2024-03-20T09:37:17Z,96.0
2024-03-20T09:37:22Z,95.0
2024-03-20T09:37:27Z,92.0
2024-03-20T09:37:42Z,94.0
2024-03-20T09:37:47Z,95.0
2024-03-20T09:37:52Z,93.0
2024-03-20T09:37:57Z,92.0
2024-03-20T09:38:02Z,88.0
2024-03-20T09:38:17Z,84.0
2024-03-20T09:38:22Z,82.0
2024-03-20T09:38:27Z,85.0
2024-03-20T09:38:32Z,83.0
2024-03-20T09:38:37Z,80.0
2024-03-20T09:38:42Z,79.0
2024-03-20T09:38:52Z,77.0
2024-03-20T09:38:57Z,75.0
2024-03-20T09:39:02Z,73.0
2024-03-20T09:39:07Z,71.0
2024-03-20T09:39:17Z,74.0
2024-03-20T09:39:22Z,79.0
2024-03-20T09:39:27Z,78.0
2024-03-20T09:39:37Z,79.0
2024-03-20T09:39:47Z,75.0
2024-03-20T09:39:52Z,71.0
2024-03-20T09:39:57Z,72.0
2024-03-20T09:40:02Z,75.0
2024-03-20T09:40:07Z,79.0
2024-03-20T09:40:12Z,82.0
2024-03-20T09:40:17Z,79.0
2024-03-20T09:40:22Z,75.0
2024-03-20T09:40:27Z,70.0
2024-03-20T09:40:32Z,68.0
2024-03-20T09:40:37Z,70.0
2024-03-20T09:40:42Z,73.0
2024-03-20T09:40:47Z,77.0
2024-03-20T09:40:52Z,82.0
2024-03-20T09:40:57Z,77.0
2024-03-20T09:41:07Z,76.0
2024-03-20T09:41:12Z,76.0
2024-03-20T09:41:17Z,74.0
2024-03-20T09:41:22Z,69.0
2024-03-20T09:41:27Z,70.0
2024-03-20T09:41:32Z,72.0
2024-03-20T09:41:47Z,72.0
2024-03-20T09:41:52Z,77.0
2024-03-20T09:41:57Z,76.0
2024-03-20T09:42:02Z,85.0
2024-03-20T09:42:07Z,91.0
2024-03-20T09:42:12Z,87.0
2024-03-20T09:42:17Z,85.0
2024-03-20T09:42:22Z,83.0
2024-03-20T09:42:27Z,86.0
2024-03-20T09:42:32Z,90.0
2024-03-20T09:42:37Z,85.0
2024-03-20T09:42:42Z,82.0
2024-03-20T09:42:52Z,84.0
2024-03-20T09:42:57Z,85.0
2024-03-20T09:43:02Z,87.0
2024-03-20T09:43:07Z,86.0
2024-03-20T09:43:12Z,85.0
2024-03-20T09:43:17Z,83.0
2024-03-20T09:43:22Z,82.0
2024-03-20T09:43:27Z,81.0
2024-03-20T09:43:32Z,82.0
2024-03-20T09:43:42Z,81.0
2024-03-20T09:43:52Z,82.0
2024-03-20T09:44:02Z,84.0
2024-03-20T09:44:07Z,83.0
2024-03-20T09:44:17Z,82.0
2024-03-20T09:44:22Z,81.0
2024-03-20T09:44:32Z,82.0
2024-03-20T09:44:37Z,84.0
2024-03-20T09:44:52Z,87.0
2024-03-20T09:44:57Z,87.0
2024-03-20T09:45:12Z,82.0
2024-03-20T09:45:17Z,79.0
2024-03-20T09:45:22Z,76.0
2024-03-20T09:45:27Z,74.0
2024-03-20T09:45:37Z,75.0
2024-03-20T09:45:42Z,76.0
2024-03-20T09:45:52Z,77.0
2024-03-20T09:45:57Z,80.0
2024-03-20T09:46:02Z,83.0
2024-03-20T09:46:07Z,85.0
2024-03-20T09:46:12Z,86.0
2024-03-20T09:46:17Z,85.0
2024-03-20T09:46:22Z,84.0
2024-03-20T09:46:27Z,82.0
2024-03-20T09:46:32Z,80.0
2024-03-20T09:46:37Z,79.0
2024-03-20T09:46:47Z,76.0
2024-03-20T09:46:52Z,75.0
2024-03-20T09:46:57Z,76.0
2024-03-20T09:47:07Z,77.0
2024-03-20T09:47:17Z,79.0
2024-03-20T09:47:22Z,77.0
2024-03-20T09:47:32Z,78.0
2024-03-20T09:47:37Z,71.0
2024-03-20T09:47:42Z,69.0
2024-03-20T09:47:47Z,67.0
2024-03-20T09:47:52Z,66.0
2024-03-20T09:48:02Z,65.0
2024-03-20T09:48:07Z,64.0
2024-03-20T09:48:12Z,63.0
2024-03-20T09:48:17Z,64.0
2024-03-20T09:48:22Z,66.0
2024-03-20T09:48:27Z,65.0
2024-03-20T09:48:32Z,63.0
2024-03-20T09:48:37Z,62.0
2024-03-20T09:48:42Z,63.0
2024-03-20T09:48:47Z,64.0
2024-03-20T09:49:02Z,64.0
2024-03-20T09:49:07Z,65.0
2024-03-20T09:49:17Z,64.0
2024-03-20T09:49:27Z,69.0
2024-03-20T09:49:32Z,73.0
2024-03-20T09:49:37Z,75.0
2024-03-20T09:49:42Z,76.0
2024-03-20T09:49:47Z,77.0
2024-03-20T09:49:52Z,82.0
2024-03-20T09:49:57Z,79.0
2024-03-20T09:50:02Z,70.0
2024-03-20T09:50:07Z,65.0
2024-03-20T09:50:12Z,66.0
2024-03-20T09:50:17Z,65.0
2024-03-20T09:50:27Z,66.0
2024-03-20T09:50:32Z,67.0
2024-03-20T09:50:37Z,65.0
2024-03-20T09:50:42Z,64.0
2024-03-20T09:50:47Z,65.0
2024-03-20T09:50:52Z,64.0
2024-03-20T09:50:57Z,62.0
2024-03-20T09:51:02Z,61.0
2024-03-20T09:51:07Z,62.0
2024-03-20T09:51:17Z,61.0
2024-03-20T09:51:22Z,62.0
2024-03-20T09:51:32Z,61.0
2024-03-20T09:51:47Z,60.0
2024-03-20T09:51:57Z,62.0
2024-03-20T09:52:12Z,64.0
2024-03-20T09:52:17Z,70.0
2024-03-20T09:52:22Z,73.0
2024-03-20T09:52:27Z,77.0
2024-03-20T09:52:32Z,81.0
2024-03-20T09:52:37Z,78.0
2024-03-20T09:52:42Z,73.0
2024-03-20T09:52:47Z,72.0
2024-03-20T09:52:52Z,74.0
2024-03-20T09:52:57Z,69.0
2024-03-20T09:53:02Z,67.0
2024-03-20T09:53:07Z,66.0
2024-03-20T09:53:22Z,68.0
2024-03-20T09:53:32Z,69.0
2024-03-20T09:53:37Z,69.0
2024-03-20T09:53:42Z,71.0
2024-03-20T09:53:47Z,72.0
2024-03-20T09:53:52Z,70.0
2024-03-20T09:54:07Z,69.0
2024-03-20T09:54:12Z,68.0
2024-03-20T09:54:17Z,69.0
2024-03-20T09:54:22Z,70.0
2024-03-20T09:54:27Z,71.0
2024-03-20T09:54:32Z,69.0
2024-03-20T09:54:37Z,67.0
2024-03-20T09:54:42Z,66.0
2024-03-20T09:54:47Z,65.0
2024-03-20T09:54:52Z,66.0
2024-03-20T09:54:57Z,67.0
2024-03-20T09:55:02Z,68.0
2024-03-20T09:55:07Z,70.0
2024-03-20T09:55:12Z,72.0
2024-03-20T09:55:17Z,71.0
2024-03-20T09:55:22Z,72.0
2024-03-20T09:55:27Z,70.0
2024-03-20T09:55:32Z,69.0
2024-03-20T09:55:42Z,71.0
2024-03-20T09:55:47Z,74.0
2024-03-20T09:55:52Z,77.0
2024-03-20T09:55:57Z,83.0
2024-03-20T09:56:02Z,91.0
2024-03-20T09:56:07Z,81.0
2024-03-20T09:56:12Z,78.0
2024-03-20T09:56:17Z,75.0
2024-03-20T09:56:27Z,77.0
2024-03-20T09:56:37Z,78.0
2024-03-20T09:56:47Z,75.0
2024-03-20T09:56:52Z,74.0
2024-03-20T09:56:57Z,77.0
2024-03-20T09:57:02Z,81.0
2024-03-20T09:57:07Z,93.0
2024-03-20T09:57:12Z,100.0
2024-03-20T09:57:17Z,102.0
2024-03-20T09:57:22Z,100.0
2024-03-20T09:57:27Z,95.0
2024-03-20T09:57:32Z,97.0
2024-03-20T09:57:37Z,94.0
2024-03-20T09:57:42Z,91.0
2024-03-20T09:57:47Z,94.0
2024-03-20T09:57:52Z,92.0
2024-03-20T09:57:57Z,90.0
2024-03-20T09:58:12Z,92.0
2024-03-20T09:58:17Z,93.0
2024-03-20T09:58:22Z,89.0
2024-03-20T09:58:27Z,83.0
2024-03-20T09:58:32Z,84.0
2024-03-20T09:58:42Z,85.0
2024-03-20T09:58:47Z,86.0
2024-03-20T09:58:52Z,82.0
2024-03-20T09:58:57Z,78.0
2024-03-20T09:59:02Z,76.0
2024-03-20T09:59:07Z,78.0
2024-03-20T09:59:12Z,80.0
2024-03-20T09:59:17Z,82.0
2024-03-20T09:59:27Z,86.0
2024-03-20T09:59:32Z,84.0
2024-03-20T09:59:37Z,83.0
2024-03-20T09:59:52Z,83.0
2024-03-20T09:59:57Z,82.0
2024-03-20T10:00:02Z,83.0
2024-03-20T10:00:07Z,81.0
2024-03-20T10:00:12Z,83.0
2024-03-20T10:00:17Z,86.0
2024-03-20T10:00:22Z,89.0
2024-03-20T10:00:27Z,88.0
2024-03-20T10:00:32Z,89.0
2024-03-20T10:00:37Z,91.0
2024-03-20T10:00:42Z,90.0
2024-03-20T10:00:47Z,85.0
2024-03-20T10:00:57Z,84.0
2024-03-20T10:01:12Z,84.0
2024-03-20T10:01:17Z,83.0
2024-03-20T10:01:22Z,86.0
2024-03-20T10:01:27Z,87.0
2024-03-20T10:01:37Z,85.0
2024-03-20T10:01:42Z,81.0
2024-03-20T10:01:47Z,82.0
2024-03-20T10:01:52Z,86.0
2024-03-20T10:01:57Z,91.0
2024-03-20T10:02:02Z,87.0
2024-03-20T10:02:12Z,89.0
2024-03-20T10:02:17Z,91.0
2024-03-20T10:02:27Z,86.0
2024-03-20T10:02:32Z,79.0
2024-03-20T10:02:37Z,75.0
2024-03-20T10:02:42Z,72.0
2024-03-20T10:02:47Z,70.0
2024-03-20T10:02:52Z,69.0
2024-03-20T10:03:02Z,70.0
2024-03-20T10:03:07Z,68.0
2024-03-20T10:03:12Z,66.0
2024-03-20T10:03:27Z,66.0
2024-03-20T10:03:37Z,65.0
2024-03-20T10:03:47Z,66.0
2024-03-20T10:03:52Z,68.0
2024-03-20T10:03:57Z,70.0
2024-03-20T10:04:07Z,68.0
2024-03-20T10:04:12Z,67.0
2024-03-20T10:04:17Z,66.0
2024-03-20T10:04:22Z,66.0
2024-03-20T10:04:27Z,67.0
2024-03-20T10:04:32Z,72.0
2024-03-20T10:04:37Z,69.0
2024-03-20T10:04:52Z,69.0
2024-03-20T10:04:57Z,70.0
2024-03-20T10:05:02Z,74.0
2024-03-20T10:05:07Z,67.0
2024-03-20T10:05:12Z,66.0
2024-03-20T10:05:17Z,67.0
2024-03-20T10:05:27Z,65.0
2024-03-20T10:05:32Z,63.0
2024-03-20T10:05:42Z,61.0
2024-03-20T10:05:57Z,63.0
2024-03-20T10:06:02Z,65.0
2024-03-20T10:06:07Z,67.0
2024-03-20T10:06:12Z,66.0
2024-03-20T10:06:22Z,68.0
2024-03-20T10:06:27Z,69.0
2024-03-20T10:06:32Z,68.0
2024-03-20T10:06:37Z,66.0
2024-03-20T10:06:42Z,68.0
2024-03-20T10:06:52Z,69.0
2024-03-20T10:06:57Z,68.0
2024-03-20T10:07:02Z,70.0
2024-03-20T10:07:07Z,71.0
2024-03-20T10:07:17Z,69.0
2024-03-20T10:07:22Z,67.0
2024-03-20T10:07:37Z,65.0
2024-03-20T10:07:42Z,67.0
2024-03-20T10:07:47Z,72.0
2024-03-20T10:07:52Z,71.0
2024-03-20T10:07:57Z,70.0
2024-03-20T10:08:07Z,73.0
2024-03-20T10:08:12Z,77.0
2024-03-20T10:08:17Z,75.0
2024-03-20T10:08:32Z,74.0
2024-03-20T10:08:47Z,74.0
2024-03-20T10:08:57Z,75.0
2024-03-20T10:09:02Z,75.0
2024-03-20T10:09:07Z,77.0
2024-03-20T10:09:12Z,83.0
2024-03-20T10:09:17Z,84.0
2024-03-20T10:09:22Z,83.0
2024-03-20T10:09:27Z,81.0
2024-03-20T10:09:32Z,87.0
2024-03-20T10:09:37Z,89.0
2024-03-20T10:09:42Z,88.0
2024-03-20T10:09:47Z,82.0
2024-03-20T10:09:52Z,83.0
2024-03-20T10:09:57Z,82.0
2024-03-20T10:10:02Z,81.0
2024-03-20T10:10:07Z,80.0
2024-03-20T10:10:12Z,79.0
2024-03-20T10:10:17Z,78.0
2024-03-20T10:10:32Z,80.0
2024-03-20T10:10:37Z,78.0
2024-03-20T10:10:42Z,74.0
2024-03-20T10:10:52Z,76.0
2024-03-20T10:11:07Z,75.0
2024-03-20T10:11:17Z,76.0
2024-03-20T10:11:32Z,77.0
2024-03-20T10:11:37Z,74.0
2024-03-20T10:11:42Z,73.0
2024-03-20T10:11:47Z,75.0
2024-03-20T10:11:52Z,76.0
2024-03-20T10:11:57Z,77.0
2024-03-20T10:12:07Z,74.0
2024-03-20T10:12:12Z,73.0
2024-03-20T10:12:17Z,76.0
2024-03-20T10:12:22Z,75.0
2024-03-20T10:12:27Z,74.0
2024-03-20T10:12:32Z,76.0
2024-03-20T10:12:37Z,77.0
2024-03-20T10:12:42Z,78.0
2024-03-20T10:12:52Z,79.0
2024-03-20T10:12:57Z,78.0
2024-03-20T10:13:02Z,79.0
2024-03-20T10:13:12Z,78.0
2024-03-20T10:13:17Z,80.0
2024-03-20T10:13:27Z,78.0
2024-03-20T10:13:32Z,79.0
2024-03-20T10:13:37Z,80.0
2024-03-20T10:13:42Z,79.0
2024-03-20T10:13:52Z,82.0
2024-03-20T10:13:57Z,83.0
2024-03-20T10:14:02Z,84.0
2024-03-20T10:14:07Z,83.0
2024-03-20T10:14:12Z,82.0
2024-03-20T10:14:22Z,79.0
2024-03-20T10:14:27Z,80.0
2024-03-20T10:14:37Z,78.0
2024-03-20T10:14:42Z,80.0
2024-03-20T10:14:47Z,77.0
2024-03-20T10:14:52Z,76.0
2024-03-20T10:14:57Z,77.0
2024-03-20T10:15:02Z,81.0
2024-03-20T10:15:07Z,84.0
2024-03-20T10:15:12Z,79.0
2024-03-20T10:15:17Z,76.0
2024-03-20T10:15:22Z,77.0
2024-03-20T10:15:27Z,78.0
2024-03-20T10:15:37Z,76.0
2024-03-20T10:15:42Z,77.0
2024-03-20T10:15:52Z,76.0
2024-03-20T10:15:57Z,78.0
2024-03-20T10:16:02Z,80.0
2024-03-20T10:16:07Z,77.0
2024-03-20T10:16:12Z,79.0
2024-03-20T10:16:22Z,81.0
2024-03-20T10:16:27Z,80.0
2024-03-20T10:16:32Z,78.0
2024-03-20T10:16:42Z,79.0
2024-03-20T10:16:47Z,80.0
2024-03-20T10:16:57Z,81.0
2024-03-20T10:17:02Z,82.0
2024-03-20T10:17:17Z,82.0
2024-03-20T10:17:22Z,83.0
2024-03-20T10:17:27Z,85.0
2024-03-20T10:17:32Z,84.0
2024-03-20T10:17:47Z,82.0
2024-03-20T10:17:57Z,80.0
2024-03-20T10:18:07Z,81.0
2024-03-20T10:18:22Z,77.0
2024-03-20T10:18:32Z,78.0
2024-03-20T10:18:37Z,77.0
2024-03-20T10:18:42Z,76.0
2024-03-20T10:18:47Z,74.0
2024-03-20T10:18:52Z,73.0
2024-03-20T10:18:57Z,72.0
2024-03-20T10:19:12Z,74.0
2024-03-20T10:19:17Z,70.0
2024-03-20T10:19:22Z,65.0
2024-03-20T10:19:27Z,66.0
2024-03-20T10:19:32Z,67.0
2024-03-20T10:19:37Z,68.0
2024-03-20T10:19:42Z,72.0
2024-03-20T10:19:47Z,76.0
2024-03-20T10:19:52Z,77.0
2024-03-20T10:19:57Z,74.0
2024-03-20T10:20:07Z,76.0
2024-03-20T10:20:12Z,81.0
2024-03-20T10:20:22Z,84.0
2024-03-20T10:20:27Z,87.0
2024-03-20T10:20:32Z,84.0
2024-03-20T10:20:37Z,83.0
2024-03-20T10:20:42Z,82.0
2024-03-20T10:20:47Z,86.0
2024-03-20T10:20:57Z,91.0
2024-03-20T10:21:02Z,92.0
2024-03-20T10:21:07Z,96.0
2024-03-20T10:21:12Z,90.0
2024-03-20T10:21:22Z,96.0
2024-03-20T10:21:27Z,101.0
2024-03-20T10:21:32Z,100.0
2024-03-20T10:21:37Z,99.0
2024-03-20T10:21:42Z,98.0
2024-03-20T10:21:47Z,96.0
2024-03-20T10:21:52Z,97.0
2024-03-20T10:22:02Z,92.0
2024-03-20T10:22:07Z,91.0
2024-03-20T10:22:17Z,96.0
2024-03-20T10:22:22Z,108.0
2024-03-20T10:22:27Z,107.0
2024-03-20T10:22:32Z,101.0
2024-03-20T10:22:37Z,89.0
2024-03-20T10:22:42Z,80.0
2024-03-20T10:22:47Z,76.0
2024-03-20T10:22:52Z,81.0
2024-03-20T10:22:57Z,81.0
2024-03-20T10:23:02Z,83.0
2024-03-20T10:23:07Z,78.0
2024-03-20T10:23:12Z,77.0
2024-03-20T10:23:17Z,82.0
2024-03-20T10:23:22Z,81.0
2024-03-20T10:23:27Z,77.0
2024-03-20T10:23:32Z,78.0
2024-03-20T10:23:37Z,89.0
2024-03-20T10:23:42Z,94.0
2024-03-20T10:23:47Z,92.0
2024-03-20T10:23:52Z,96.0
2024-03-20T10:23:57Z,91.0
2024-03-20T10:24:02Z,90.0
2024-03-20T10:24:07Z,93.0
2024-03-20T10:24:12Z,88.0
2024-03-20T10:24:17Z,82.0
2024-03-20T10:24:22Z,78.0
2024-03-20T10:24:27Z,73.0
2024-03-20T10:24:37Z,75.0
2024-03-20T10:24:42Z,76.0
2024-03-20T10:24:52Z,79.0
2024-03-20T10:24:57Z,78.0
2024-03-20T10:25:02Z,79.0
2024-03-20T10:25:12Z,80.0
2024-03-20T10:25:22Z,81.0
2024-03-20T10:25:27Z,82.0
2024-03-20T10:25:32Z,83.0
2024-03-20T10:25:37Z,80.0
2024-03-20T10:25:42Z,72.0
2024-03-20T10:25:47Z,67.0
2024-03-20T10:25:52Z,63.0
2024-03-20T10:25:57Z,62.0
2024-03-20T10:26:02Z,63.0
2024-03-20T10:26:07Z,64.0
2024-03-20T10:26:12Z,65.0
2024-03-20T10:26:22Z,63.0
2024-03-20T10:26:32Z,61.0
2024-03-20T10:26:37Z,60.0
2024-03-20T10:26:42Z,61.0
2024-03-20T10:26:47Z,63.0
2024-03-20T10:26:52Z,64.0
2024-03-20T10:26:57Z,63.0
2024-03-20T10:27:02Z,62.0
2024-03-20T10:27:07Z,61.0
2024-03-20T10:27:17Z,62.0
2024-03-20T10:27:22Z,65.0
2024-03-20T10:27:27Z,68.0
2024-03-20T10:27:37Z,66.0
2024-03-20T10:27:42Z,64.0
2024-03-20T10:27:47Z,65.0
2024-03-20T10:27:52Z,66.0
2024-03-20T10:27:57Z,67.0
2024-03-20T10:28:02Z,71.0
2024-03-20T10:28:07Z,75.0
2024-03-20T10:28:12Z,78.0
2024-03-20T10:28:17Z,77.0
2024-03-20T10:28:22Z,70.0
2024-03-20T10:28:27Z,68.0
2024-03-20T10:28:32Z,67.0
2024-03-20T10:28:42Z,69.0
2024-03-20T10:28:47Z,68.0
2024-03-20T10:28:52Z,64.0
2024-03-20T10:28:57Z,61.0
2024-03-20T10:29:02Z,60.0
2024-03-20T10:29:17Z,64.0
2024-03-20T10:29:27Z,62.0
2024-03-20T10:29:32Z,61.0
2024-03-20T10:29:37Z,61.0
2024-03-20T10:29:47Z,63.0
2024-03-20T10:29:57Z,64.0
2024-03-20T10:30:02Z,64.0
2024-03-20T10:30:07Z,63.0
2024-03-20T10:30:12Z,62.0
2024-03-20T10:30:17Z,61.0
2024-03-20T10:30:27Z,60.0
2024-03-20T10:30:32Z,61.0
2024-03-20T10:30:42Z,62.0
2024-03-20T10:30:47Z,65.0
2024-03-20T10:30:52Z,69.0
2024-03-20T10:30:57Z,71.0
2024-03-20T10:31:02Z,68.0
2024-03-20T10:31:07Z,66.0
2024-03-20T10:31:12Z,68.0
2024-03-20T10:31:22Z,63.0
2024-03-20T10:31:27Z,60.0
2024-03-20T10:31:42Z,59.0
2024-03-20T10:31:52Z,60.0
2024-03-20T10:32:07Z,60.0
2024-03-20T10:32:12Z,61.0
2024-03-20T10:32:17Z,62.0
2024-03-20T10:32:22Z,61.0
2024-03-20T10:32:32Z,68.0
2024-03-20T10:32:37Z,70.0
2024-03-20T10:32:42Z,69.0
2024-03-20T10:32:47Z,67.0
2024-03-20T10:32:57Z,69.0
2024-03-20T10:33:02Z,68.0
2024-03-20T10:33:07Z,66.0
2024-03-20T10:33:12Z,64.0
2024-03-20T10:33:17Z,63.0
2024-03-20T10:33:22Z,66.0
2024-03-20T10:33:27Z,64.0
2024-03-20T10:33:32Z,61.0
2024-03-20T10:33:37Z,60.0
2024-03-20T10:33:47Z,61.0
2024-03-20T10:33:52Z,65.0
2024-03-20T10:33:57Z,63.0
2024-03-20T10:34:02Z,64.0
2024-03-20T10:34:07Z,67.0
2024-03-20T10:34:12Z,70.0
2024-03-20T10:34:27Z,74.0
2024-03-20T10:34:32Z,70.0
2024-03-20T10:34:37Z,66.0
2024-03-20T10:34:42Z,64.0
2024-03-20T10:34:52Z,66.0
2024-03-20T10:34:57Z,65.0
2024-03-20T10:35:02Z,63.0
2024-03-20T10:35:12Z,64.0
2024-03-20T10:35:17Z,63.0
2024-03-20T10:35:22Z,64.0
2024-03-20T10:35:27Z,65.0
2024-03-20T10:35:42Z,63.0
2024-03-20T10:35:47Z,64.0
2024-03-20T10:35:52Z,66.0
2024-03-20T10:35:57Z,67.0
2024-03-20T10:36:02Z,68.0
2024-03-20T10:36:07Z,69.0
2024-03-20T10:36:12Z,71.0
2024-03-20T10:36:22Z,68.0
2024-03-20T10:36:27Z,66.0
2024-03-20T10:36:32Z,63.0
2024-03-20T10:36:37Z,61.0
2024-03-20T10:36:47Z,62.0
2024-03-20T10:36:52Z,68.0
2024-03-20T10:36:57Z,75.0
2024-03-20T10:37:02Z,77.0
2024-03-20T10:37:07Z,68.0
2024-03-20T10:37:12Z,66.0
2024-03-20T10:37:17Z,67.0
2024-03-20T10:37:22Z,69.0
2024-03-20T10:37:37Z,70.0
2024-03-20T10:37:42Z,71.0
2024-03-20T10:37:47Z,76.0
2024-03-20T10:37:52Z,77.0
2024-03-20T10:37:57Z,80.0
2024-03-20T10:38:02Z,78.0
2024-03-20T10:38:12Z,77.0
2024-03-20T10:38:17Z,76.0
2024-03-20T10:38:22Z,77.0
2024-03-20T10:38:27Z,81.0
2024-03-20T10:38:32Z,84.0
2024-03-20T10:38:42Z,82.0
2024-03-20T10:38:47Z,82.0
2024-03-20T10:38:52Z,77.0
2024-03-20T10:39:07Z,77.0
2024-03-20T10:39:12Z,78.0
2024-03-20T10:39:17Z,79.0
2024-03-20T10:39:32Z,79.0
2024-03-20T10:39:37Z,78.0
2024-03-20T10:39:42Z,80.0
2024-03-20T10:39:52Z,81.0
2024-03-20T10:39:57Z,83.0
2024-03-20T10:40:02Z,85.0
2024-03-20T10:40:07Z,88.0
2024-03-20T10:40:12Z,90.0
2024-03-20T10:40:17Z,88.0
2024-03-20T10:40:22Z,83.0
2024-03-20T10:40:27Z,82.0
2024-03-20T10:40:37Z,84.0
2024-03-20T10:40:42Z,86.0
2024-03-20T10:40:47Z,88.0
2024-03-20T10:40:52Z,92.0
2024-03-20T10:40:57Z,99.0
2024-03-20T10:41:02Z,97.0
2024-03-20T10:41:07Z,94.0
2024-03-20T10:41:12Z,96.0
2024-03-20T10:41:17Z,93.0
2024-03-20T10:41:22Z,86.0
2024-03-20T10:41:27Z,83.0
2024-03-20T10:41:37Z,81.0
2024-03-20T10:41:42Z,74.0
2024-03-20T10:41:47Z,72.0
2024-03-20T10:41:52Z,74.0
2024-03-20T10:41:57Z,80.0
2024-03-20T10:42:07Z,81.0
2024-03-20T10:42:12Z,77.0
2024-03-20T10:42:17Z,78.0
2024-03-20T10:42:22Z,80.0
2024-03-20T10:42:27Z,82.0
2024-03-20T10:42:32Z,83.0
2024-03-20T10:42:37Z,86.0
2024-03-20T10:42:42Z,87.0
2024-03-20T10:42:47Z,86.0
2024-03-20T10:42:52Z,81.0
2024-03-20T10:42:57Z,79.0
2024-03-20T10:43:02Z,77.0
2024-03-20T10:43:07Z,74.0
2024-03-20T10:43:12Z,75.0
2024-03-20T10:43:22Z,73.0
2024-03-20T10:43:27Z,72.0
2024-03-20T10:43:32Z,73.0
2024-03-20T10:43:37Z,74.0
2024-03-20T10:43:47Z,76.0
2024-03-20T10:43:52Z,74.0
2024-03-20T10:43:57Z,71.0
2024-03-20T10:44:02Z,72.0
2024-03-20T10:44:07Z,74.0
2024-03-20T10:44:17Z,80.0
2024-03-20T10:44:22Z,82.0
2024-03-20T10:44:27Z,84.0
2024-03-20T10:44:37Z,83.0
2024-03-20T10:44:42Z,84.0
2024-03-20T10:44:52Z,81.0
2024-03-20T10:44:57Z,80.0
2024-03-20T10:45:07Z,81.0
2024-03-20T10:45:12Z,84.0
2024-03-20T10:45:22Z,85.0
2024-03-20T10:45:32Z,86.0
2024-03-20T10:45:37Z,85.0
2024-03-20T10:45:47Z,84.0
2024-03-20T10:45:52Z,79.0
2024-03-20T10:45:57Z,78.0
2024-03-20T10:46:02Z,75.0
2024-03-20T10:46:07Z,71.0
2024-03-20T10:46:12Z,70.0
2024-03-20T10:46:22Z,71.0
2024-03-20T10:46:32Z,70.0
2024-03-20T10:46:42Z,68.0
2024-03-20T10:46:47Z,66.0
2024-03-20T10:46:52Z,70.0
2024-03-20T10:46:57Z,75.0
2024-03-20T10:47:02Z,74.0
2024-03-20T10:47:07Z,67.0
2024-03-20T10:47:12Z,64.0
2024-03-20T10:47:17Z,70.0
2024-03-20T10:47:22Z,71.0
2024-03-20T10:47:32Z,67.0
2024-03-20T10:47:37Z,66.0
2024-03-20T10:47:42Z,68.0
2024-03-20T10:47:47Z,67.0
2024-03-20T10:47:52Z,63.0
2024-03-20T10:47:57Z,64.0
2024-03-20T10:48:02Z,70.0
2024-03-20T10:48:07Z,71.0
2024-03-20T10:48:12Z,75.0
2024-03-20T10:48:17Z,73.0
2024-03-20T10:48:22Z,69.0
2024-03-20T10:48:27Z,67.0
2024-03-20T10:48:32Z,66.0
2024-03-20T10:48:37Z,68.0
2024-03-20T10:48:42Z,69.0
2024-03-20T10:48:47Z,70.0
2024-03-20T10:48:52Z,71.0
2024-03-20T10:48:57Z,68.0
2024-03-20T10:49:02Z,65.0
2024-03-20T10:49:12Z,66.0
2024-03-20T10:49:17Z,67.0
2024-03-20T10:49:22Z,70.0
2024-03-20T10:49:27Z,72.0
2024-03-20T10:49:32Z,71.0
2024-03-20T10:49:37Z,68.0
2024-03-20T10:49:47Z,69.0
2024-03-20T10:49:57Z,68.0
2024-03-20T10:50:02Z,77.0
2024-03-20T10:50:07Z,75.0
2024-03-20T10:50:12Z,76.0
2024-03-20T10:50:17Z,74.0
2024-03-20T10:50:27Z,73.0
2024-03-20T10:50:32Z,76.0
2024-03-20T10:50:37Z,75.0
2024-03-20T10:50:42Z,74.0
2024-03-20T10:50:52Z,81.0
2024-03-20T10:50:57Z,82.0
2024-03-20T10:51:02Z,78.0
2024-03-20T10:51:07Z,83.0
2024-03-20T10:51:12Z,84.0
2024-03-20T10:51:17Z,82.0
2024-03-20T10:51:22Z,78.0
2024-03-20T10:51:27Z,82.0
2024-03-20T10:51:32Z,84.0
2024-03-20T10:51:37Z,87.0
2024-03-20T10:51:42Z,90.0
2024-03-20T10:51:47Z,87.0
2024-03-20T10:51:52Z,86.0
2024-03-20T10:51:57Z,86.0
2024-03-20T10:52:02Z,84.0
2024-03-20T10:52:07Z,81.0
2024-03-20T10:52:12Z,76.0
2024-03-20T10:52:17Z,71.0
2024-03-20T10:52:22Z,68.0
2024-03-20T10:52:27Z,66.0
2024-03-20T10:52:37Z,67.0
2024-03-20T10:52:42Z,65.0
2024-03-20T10:52:57Z,65.0
2024-03-20T10:53:02Z,67.0
2024-03-20T10:53:12Z,66.0
2024-03-20T10:53:17Z,65.0
2024-03-20T10:53:22Z,65.0
2024-03-20T10:53:27Z,65.0
2024-03-20T10:53:32Z,68.0
2024-03-20T10:53:47Z,69.0
2024-03-20T10:54:02Z,70.0
2024-03-20T10:54:07Z,69.0
2024-03-20T10:54:12Z,66.0
2024-03-20T10:54:17Z,65.0
2024-03-20T10:54:22Z,66.0
2024-03-20T10:54:27Z,69.0
2024-03-20T10:54:32Z,72.0
2024-03-20T10:54:37Z,73.0
2024-03-20T10:54:42Z,71.0
2024-03-20T10:54:47Z,68.0
2024-03-20T10:54:52Z,69.0
2024-03-20T10:54:57Z,72.0
2024-03-20T10:55:02Z,75.0
2024-03-20T10:55:07Z,79.0
2024-03-20T10:55:12Z,82.0
2024-03-20T10:55:17Z,81.0
2024-03-20T10:55:22Z,83.0
2024-03-20T10:55:37Z,82.0
2024-03-20T10:55:42Z,81.0
2024-03-20T10:55:47Z,82.0
2024-03-20T10:55:52Z,84.0
2024-03-20T10:55:57Z,83.0
2024-03-20T10:56:12Z,80.0
2024-03-20T10:56:17Z,79.0
2024-03-20T10:56:27Z,82.0
2024-03-20T10:56:32Z,85.0
2024-03-20T10:56:37Z,84.0
2024-03-20T10:56:47Z,82.0
2024-03-20T10:56:52Z,83.0
2024-03-20T10:56:57Z,85.0
2024-03-20T10:57:02Z,87.0
2024-03-20T10:57:07Z,89.0
2024-03-20T10:57:12Z,85.0
2024-03-20T10:57:17Z,84.0
2024-03-20T10:57:22Z,88.0
2024-03-20T10:57:27Z,84.0
2024-03-20T10:57:32Z,77.0
2024-03-20T10:57:37Z,77.0
2024-03-20T10:57:42Z,80.0
2024-03-20T10:57:47Z,82.0
2024-03-20T10:57:57Z,81.0
2024-03-20T10:58:02Z,82.0
2024-03-20T10:58:07Z,86.0
2024-03-20T10:58:12Z,89.0
2024-03-20T10:58:17Z,84.0
2024-03-20T10:58:22Z,86.0
2024-03-20T10:58:27Z,85.0
2024-03-20T10:58:32Z,86.0
2024-03-20T10:58:37Z,87.0
2024-03-20T10:58:42Z,84.0
2024-03-20T10:58:47Z,92.0
2024-03-20T10:58:52Z,96.0
2024-03-20T10:58:57Z,91.0
2024-03-20T10:59:02Z,88.0
2024-03-20T10:59:07Z,95.0
2024-03-20T10:59:12Z,98.0
2024-03-20T10:59:17Z,97.0
2024-03-20T10:59:27Z,95.0
2024-03-20T10:59:32Z,97.0
2024-03-20T10:59:37Z,99.0
2024-03-20T10:59:42Z,97.0
2024-03-20T10:59:47Z,95.0
2024-03-20T10:59:57Z,99.0
2024-03-20T11:00:02Z,98.0
2024-03-20T11:00:07Z,95.0
2024-03-20T11:00:12Z,94.0
2024-03-20T11:00:17Z,92.0
2024-03-20T11:00:22Z,90.0
2024-03-20T11:00:32Z,89.0
2024-03-20T11:00:37Z,82.0
2024-03-20T11:00:42Z,77.0
2024-03-20T11:00:47Z,74.0
2024-03-20T11:00:52Z,76.0
2024-03-20T11:00:57Z,80.0
2024-03-20T11:01:02Z,85.0
2024-03-20T11:01:07Z,91.0
2024-03-20T11:01:12Z,87.0
2024-03-20T11:01:17Z,86.0
2024-03-20T11:01:22Z,84.0
2024-03-20T11:01:27Z,86.0
2024-03-20T11:01:32Z,85.0
2024-03-20T11:01:37Z,84.0
2024-03-20T11:01:42Z,85.0
2024-03-20T11:01:47Z,84.0
2024-03-20T11:01:52Z,81.0
2024-03-20T11:01:57Z,78.0
2024-03-20T11:02:02Z,75.0
2024-03-20T11:02:07Z,73.0
2024-03-20T11:02:22Z,74.0
2024-03-20T11:02:32Z,75.0
2024-03-20T11:02:37Z,76.0
2024-03-20T11:02:42Z,75.0
2024-03-20T11:02:47Z,72.0
2024-03-20T11:02:52Z,70.0
2024-03-20T11:02:57Z,72.0
2024-03-20T11:03:02Z,75.0
2024-03-20T11:03:07Z,77.0
2024-03-20T11:03:12Z,78.0
2024-03-20T11:03:17Z,80.0
2024-03-20T11:03:22Z,81.0
2024-03-20T11:03:27Z,82.0
2024-03-20T11:03:32Z,81.0
2024-03-20T11:03:37Z,80.0
2024-03-20T11:03:52Z,83.0
2024-03-20T11:03:57Z,84.0
2024-03-20T11:04:02Z,83.0
2024-03-20T11:04:12Z,82.0
2024-03-20T11:04:17Z,81.0
2024-03-20T11:04:22Z,79.0
2024-03-20T11:04:27Z,77.0
2024-03-20T11:04:32Z,77.0
2024-03-20T11:04:37Z,78.0
2024-03-20T11:04:42Z,79.0
2024-03-20T11:04:57Z,83.0
2024-03-20T11:05:02Z,87.0
2024-03-20T11:05:07Z,85.0
2024-03-20T11:05:12Z,82.0
2024-03-20T11:05:17Z,82.0
2024-03-20T11:05:22Z,84.0
2024-03-20T11:05:27Z,86.0
2024-03-20T11:05:32Z,85.0
2024-03-20T11:05:42Z,86.0
2024-03-20T11:05:52Z,87.0
2024-03-20T11:05:57Z,89.0
2024-03-20T11:06:02Z,87.0
2024-03-20T11:06:07Z,86.0
2024-03-20T11:06:12Z,85.0
2024-03-20T11:06:17Z,86.0
2024-03-20T11:06:22Z,88.0
2024-03-20T11:06:27Z,87.0
2024-03-20T11:06:32Z,84.0
2024-03-20T11:06:37Z,82.0
2024-03-20T11:06:42Z,84.0
2024-03-20T11:06:52Z,83.0
2024-03-20T11:06:57Z,86.0
2024-03-20T11:07:02Z,89.0
2024-03-20T11:07:07Z,91.0
2024-03-20T11:07:12Z,92.0
2024-03-20T11:07:17Z,94.0
2024-03-20T11:07:22Z,88.0
2024-03-20T11:07:27Z,89.0
2024-03-20T11:07:32Z,94.0
2024-03-20T11:07:42Z,97.0
2024-03-20T11:07:47Z,96.0
2024-03-20T11:07:52Z,96.0
2024-03-20T11:08:07Z,98.0
2024-03-20T11:08:17Z,96.0
2024-03-20T11:08:32Z,96.0
2024-03-20T11:08:42Z,94.0
2024-03-20T11:08:47Z,93.0
2024-03-20T11:08:57Z,95.0
2024-03-20T11:09:07Z,97.0
2024-03-20T11:09:12Z,99.0
2024-03-20T11:09:22Z,98.0
2024-03-20T11:09:27Z,95.0
2024-03-20T11:09:32Z,94.0
2024-03-20T11:09:37Z,91.0
2024-03-20T11:09:42Z,90.0
2024-03-20T11:09:52Z,94.0
2024-03-20T11:09:57Z,94.0
2024-03-20T11:10:02Z,99.0
2024-03-20T11:10:07Z,98.0
2024-03-20T11:10:12Z,97.0
2024-03-20T11:10:17Z,100.0
2024-03-20T11:10:22Z,98.0
2024-03-20T11:10:27Z,97.0
2024-03-20T11:10:42Z,98.0
2024-03-20T11:10:52Z,96.0
2024-03-20T11:10:57Z,97.0
2024-03-20T11:11:02Z,100.0
2024-03-20T11:11:07Z,102.0
2024-03-20T11:11:12Z,95.0
2024-03-20T11:11:17Z,98.0
2024-03-20T11:11:22Z,100.0
2024-03-20T11:11:27Z,101.0
2024-03-20T11:11:42Z,101.0
2024-03-20T11:11:52Z,100.0
2024-03-20T11:11:57Z,99.0
2024-03-20T11:12:02Z,97.0
2024-03-20T11:12:07Z,98.0
2024-03-20T11:12:12Z,99.0
2024-03-20T11:12:17Z,101.0
2024-03-20T11:12:22Z,100.0
2024-03-20T11:12:27Z,98.0
2024-03-20T11:12:32Z,99.0
2024-03-20T11:12:37Z,100.0
2024-03-20T11:12:42Z,101.0
2024-03-20T11:12:47Z,98.0
2024-03-20T11:12:52Z,96.0
2024-03-20T11:12:57Z,99.0
2024-03-20T11:13:02Z,105.0
2024-03-20T11:13:12Z,101.0
2024-03-20T11:13:17Z,99.0
2024-03-20T11:13:22Z,101.0
2024-03-20T11:13:27Z,100.0
2024-03-20T11:13:32Z,97.0
2024-03-20T11:13:37Z,96.0
2024-03-20T11:13:42Z,97.0
2024-03-20T11:13:47Z,100.0
2024-03-20T11:13:52Z,101.0
2024-03-20T11:14:02Z,102.0
2024-03-20T11:14:07Z,100.0
2024-03-20T11:14:12Z,101.0
2024-03-20T11:14:22Z,105.0
2024-03-20T11:14:27Z,106.0
2024-03-20T11:14:32Z,105.0
2024-03-20T11:14:37Z,104.0
2024-03-20T11:14:42Z,103.0
2024-03-20T11:14:47Z,102.0
2024-03-20T11:14:52Z,104.0
2024-03-20T11:14:57Z,103.0
2024-03-20T11:15:07Z,102.0
2024-03-20T11:15:12Z,103.0
2024-03-20T11:15:17Z,100.0
2024-03-20T11:15:22Z,97.0
2024-03-20T11:15:27Z,94.0
2024-03-20T11:15:32Z,95.0
2024-03-20T11:15:37Z,94.0
2024-03-20T11:15:42Z,96.0
2024-03-20T11:15:47Z,99.0
2024-03-20T11:15:52Z,96.0
2024-03-20T11:16:02Z,91.0
2024-03-20T11:16:07Z,83.0
2024-03-20T11:16:12Z,87.0
2024-03-20T11:16:22Z,83.0
2024-03-20T11:16:27Z,80.0
2024-03-20T11:16:37Z,76.0
2024-03-20T11:16:42Z,74.0
2024-03-20T11:16:47Z,76.0
2024-03-20T11:16:52Z,78.0
2024-03-20T11:16:57Z,79.0
2024-03-20T11:17:02Z,81.0
2024-03-20T11:17:07Z,83.0
2024-03-20T11:17:12Z,88.0
2024-03-20T11:17:22Z,92.0
2024-03-20T11:17:27Z,89.0
2024-03-20T11:17:32Z,84.0
2024-03-20T11:17:37Z,87.0
2024-03-20T11:17:42Z,92.0
2024-03-20T11:17:57Z,95.0
2024-03-20T11:18:07Z,92.0
2024-03-20T11:18:12Z,91.0
2024-03-20T11:18:22Z,92.0
2024-03-20T11:18:27Z,91.0
2024-03-20T11:18:32Z,87.0
2024-03-20T11:18:37Z,85.0
2024-03-20T11:18:42Z,86.0
2024-03-20T11:18:47Z,84.0
2024-03-20T11:18:52Z,87.0
2024-03-20T11:18:57Z,86.0
2024-03-20T11:19:02Z,89.0
2024-03-20T11:19:07Z,92.0
2024-03-20T11:19:12Z,92.0
2024-03-20T11:19:17Z,91.0
2024-03-20T11:19:22Z,92.0
2024-03-20T11:19:27Z,93.0
2024-03-20T11:19:32Z,91.0
2024-03-20T11:19:37Z,90.0
2024-03-20T11:19:42Z,91.0
2024-03-20T11:19:47Z,95.0
2024-03-20T11:19:57Z,93.0
2024-03-20T11:20:02Z,94.0
2024-03-20T11:20:07Z,95.0
2024-03-20T11:20:22Z,94.0
2024-03-20T11:20:37Z,96.0
2024-03-20T11:20:42Z,100.0
2024-03-20T11:20:47Z,99.0
2024-03-20T11:20:52Z,98.0
2024-03-20T11:20:57Z,94.0
2024-03-20T11:21:02Z,95.0
2024-03-20T11:21:07Z,97.0
2024-03-20T11:21:12Z,100.0
2024-03-20T11:21:17Z,99.0
2024-03-20T11:21:27Z,98.0
2024-03-20T11:21:32Z,95.0
2024-03-20T11:21:37Z,94.0
2024-03-20T11:21:47Z,95.0
2024-03-20T11:21:57Z,92.0
2024-03-20T11:22:07Z,95.0
2024-03-20T11:22:12Z,95.0
2024-03-20T11:22:17Z,92.0
2024-03-20T11:22:32Z,87.0
2024-03-20T11:22:42Z,88.0
2024-03-20T11:22:47Z,83.0
2024-03-20T11:22:52Z,82.0
2024-03-20T11:22:57Z,84.0
2024-03-20T11:23:02Z,85.0
2024-03-20T11:23:07Z,86.0
2024-03-20T11:23:12Z,92.0
2024-03-20T11:23:17Z,98.0
2024-03-20T11:23:22Z,102.0
2024-03-20T11:23:27Z,101.0
2024-03-20T11:23:32Z,103.0
2024-03-20T11:23:42Z,100.0
2024-03-20T11:23:47Z,102.0
2024-03-20T11:23:52Z,101.0
2024-03-20T11:23:57Z,100.0
2024-03-20T11:24:02Z,97.0
2024-03-20T11:24:07Z,95.0
2024-03-20T11:24:12Z,91.0
2024-03-20T11:24:17Z,89.0
2024-03-20T11:24:32Z,89.0
2024-03-20T11:24:37Z,91.0
2024-03-20T11:24:42Z,88.0
2024-03-20T11:24:52Z,89.0
2024-03-20T11:25:02Z,88.0
2024-03-20T11:25:07Z,89.0
2024-03-20T11:25:22Z,94.0
2024-03-20T11:25:27Z,92.0
2024-03-20T11:25:32Z,93.0
2024-03-20T11:25:42Z,94.0
2024-03-20T11:25:47Z,91.0
2024-03-20T11:25:52Z,88.0
2024-03-20T11:25:57Z,89.0
2024-03-20T11:26:02Z,88.0
2024-03-20T11:26:12Z,92.0
2024-03-20T11:26:17Z,91.0
2024-03-20T11:26:27Z,88.0
2024-03-20T11:26:37Z,84.0
2024-03-20T11:26:42Z,79.0
2024-03-20T11:26:47Z,80.0
2024-03-20T11:26:52Z,81.0
2024-03-20T11:26:57Z,83.0
2024-03-20T11:27:02Z,85.0
2024-03-20T11:27:07Z,86.0
2024-03-20T11:27:17Z,84.0
2024-03-20T11:27:22Z,82.0
2024-03-20T11:27:32Z,83.0
2024-03-20T11:27:42Z,82.0
2024-03-20T11:27:57Z,82.0
2024-03-20T11:28:02Z,76.0
2024-03-20T11:28:07Z,71.0
2024-03-20T11:28:12Z,72.0
2024-03-20T11:28:17Z,77.0
2024-03-20T11:28:22Z,80.0
2024-03-20T11:28:27Z,82.0
2024-03-20T11:28:32Z,80.0
2024-03-20T11:28:37Z,79.0
2024-03-20T11:28:42Z,81.0
2024-03-20T11:28:47Z,84.0
2024-03-20T11:28:52Z,85.0
2024-03-20T11:29:02Z,82.0
2024-03-20T11:29:07Z,83.0
2024-03-20T11:29:12Z,85.0
2024-03-20T11:29:17Z,86.0
2024-03-20T11:29:22Z,83.0
2024-03-20T11:29:27Z,80.0
2024-03-20T11:29:37Z,84.0
2024-03-20T11:29:42Z,83.0
2024-03-20T11:29:47Z,87.0
2024-03-20T11:29:57Z,90.0
2024-03-20T11:30:12Z,90.0
2024-03-20T11:30:17Z,89.0
2024-03-20T11:30:22Z,88.0
2024-03-20T11:30:32Z,84.0
2024-03-20T11:30:37Z,82.0
2024-03-20T11:30:47Z,80.0
2024-03-20T11:30:52Z,81.0
2024-03-20T11:31:02Z,83.0
2024-03-20T11:31:12Z,85.0
2024-03-20T11:31:17Z,85.0
2024-03-20T11:31:27Z,86.0
2024-03-20T11:31:32Z,88.0
2024-03-20T11:31:37Z,87.0
2024-03-20T11:31:42Z,86.0
2024-03-20T11:31:57Z,86.0
2024-03-20T11:32:02Z,87.0
2024-03-20T11:32:07Z,88.0
2024-03-20T11:32:12Z,83.0
2024-03-20T11:32:17Z,81.0
2024-03-20T11:32:22Z,82.0
2024-03-20T11:32:27Z,83.0
2024-03-20T11:32:32Z,84.0
2024-03-20T11:32:37Z,82.0
2024-03-20T11:32:47Z,84.0
2024-03-20T11:32:52Z,85.0
2024-03-20T11:33:07Z,87.0
2024-03-20T11:33:12Z,86.0
2024-03-20T11:33:17Z,88.0
2024-03-20T11:33:27Z,89.0
2024-03-20T11:33:37Z,87.0
2024-03-20T11:33:42Z,83.0
2024-03-20T11:33:47Z,86.0
2024-03-20T11:33:52Z,85.0
2024-03-20T11:33:57Z,86.0
2024-03-20T11:34:02Z,81.0
2024-03-20T11:34:07Z,80.0
2024-03-20T11:34:12Z,81.0
2024-03-20T11:34:17Z,82.0
2024-03-20T11:34:22Z,85.0
2024-03-20T11:34:27Z,79.0
2024-03-20T11:34:32Z,78.0
2024-03-20T11:34:37Z,79.0
2024-03-20T11:34:47Z,81.0
2024-03-20T11:34:52Z,79.0
2024-03-20T11:34:57Z,83.0
2024-03-20T11:35:02Z,84.0
2024-03-20T11:35:07Z,83.0
2024-03-20T11:35:12Z,82.0
2024-03-20T11:35:17Z,83.0
2024-03-20T11:35:22Z,82.0
2024-03-20T11:35:32Z,79.0
2024-03-20T11:35:37Z,81.0
2024-03-20T11:35:42Z,82.0
2024-03-20T11:35:47Z,81.0
2024-03-20T11:35:57Z,85.0
2024-03-20T11:36:02Z,87.0
2024-03-20T11:36:07Z,86.0
2024-03-20T11:36:12Z,85.0
2024-03-20T11:36:27Z,84.0
2024-03-20T11:36:32Z,82.0
2024-03-20T11:36:37Z,84.0
2024-03-20T11:36:42Z,83.0
2024-03-20T11:36:47Z,82.0
2024-03-20T11:36:52Z,82.0
2024-03-20T11:36:57Z,84.0
2024-03-20T11:37:02Z,85.0
2024-03-20T11:37:07Z,83.0
2024-03-20T11:37:12Z,79.0
2024-03-20T11:37:17Z,76.0
2024-03-20T11:37:32Z,76.0
2024-03-20T11:37:37Z,74.0
2024-03-20T11:37:42Z,75.0
2024-03-20T11:37:47Z,76.0
2024-03-20T11:37:52Z,77.0
2024-03-20T11:37:57Z,76.0
2024-03-20T11:38:02Z,74.0
2024-03-20T11:38:07Z,71.0
2024-03-20T11:38:12Z,73.0
2024-03-20T11:38:17Z,74.0
2024-03-20T11:38:22Z,75.0
2024-03-20T11:38:27Z,76.0
2024-03-20T11:38:32Z,78.0
2024-03-20T11:38:42Z,74.0
2024-03-20T11:38:52Z,76.0
2024-03-20T11:39:07Z,76.0
2024-03-20T11:39:17Z,77.0
2024-03-20T11:39:32Z,78.0
2024-03-20T11:39:37Z,76.0
2024-03-20T11:39:42Z,75.0
2024-03-20T11:39:57Z,76.0
2024-03-20T11:40:02Z,78.0
2024-03-20T11:40:07Z,77.0
2024-03-20T11:40:12Z,76.0
2024-03-20T11:40:17Z,74.0
2024-03-20T11:40:22Z,73.0
2024-03-20T11:40:37Z,75.0
2024-03-20T11:40:42Z,77.0
2024-03-20T11:40:52Z,76.0
2024-03-20T11:40:57Z,70.0
2024-03-20T11:41:07Z,72.0
2024-03-20T11:41:12Z,75.0
2024-03-20T11:41:17Z,76.0
2024-03-20T11:41:22Z,77.0
2024-03-20T11:41:37Z,72.0
2024-03-20T11:41:47Z,73.0
2024-03-20T11:42:02Z,72.0
2024-03-20T11:42:07Z,71.0
2024-03-20T11:42:12Z,72.0
2024-03-20T11:42:17Z,75.0
2024-03-20T11:42:27Z,74.0
2024-03-20T11:42:37Z,73.0
2024-03-20T11:42:42Z,75.0
2024-03-20T11:42:47Z,76.0
2024-03-20T11:42:52Z,74.0
2024-03-20T11:42:57Z,75.0
2024-03-20T11:43:12Z,74.0
2024-03-20T11:43:17Z,73.0
2024-03-20T11:43:22Z,73.0
2024-03-20T11:43:37Z,72.0
2024-03-20T11:43:42Z,74.0
2024-03-20T11:43:47Z,75.0
2024-03-20T11:43:52Z,74.0
2024-03-20T11:44:07Z,75.0
2024-03-20T11:44:22Z,76.0
2024-03-20T11:44:32Z,77.0
2024-03-20T11:44:37Z,76.0
2024-03-20T11:44:42Z,77.0
2024-03-20T11:44:47Z,78.0
2024-03-20T11:44:57Z,75.0
2024-03-20T11:45:02Z,74.0
2024-03-20T11:45:07Z,77.0
2024-03-20T11:45:12Z,79.0
2024-03-20T11:45:17Z,80.0
2024-03-20T11:45:22Z,79.0
2024-03-20T11:45:27Z,81.0
2024-03-20T11:45:32Z,83.0
2024-03-20T11:45:37Z,85.0
2024-03-20T11:45:42Z,82.0
2024-03-20T11:45:47Z,78.0
2024-03-20T11:45:52Z,76.0
2024-03-20T11:45:57Z,78.0
2024-03-20T11:46:02Z,79.0
2024-03-20T11:46:12Z,80.0
2024-03-20T11:46:17Z,83.0
2024-03-20T11:46:22Z,83.0
2024-03-20T11:46:27Z,84.0
2024-03-20T11:46:32Z,85.0
2024-03-20T11:46:37Z,82.0
2024-03-20T11:46:42Z,81.0
2024-03-20T11:46:47Z,82.0
2024-03-20T11:46:57Z,80.0
2024-03-20T11:47:02Z,79.0
2024-03-20T11:47:12Z,80.0
2024-03-20T11:47:17Z,78.0
2024-03-20T11:47:22Z,76.0
2024-03-20T11:47:37Z,81.0
2024-03-20T11:47:42Z,75.0
2024-03-20T11:47:47Z,76.0
2024-03-20T11:47:52Z,77.0
2024-03-20T11:47:57Z,76.0
2024-03-20T11:48:07Z,74.0
2024-03-20T11:48:12Z,73.0
2024-03-20T11:48:17Z,70.0
2024-03-20T11:48:22Z,72.0
2024-03-20T11:48:27Z,74.0
2024-03-20T11:48:32Z,75.0
2024-03-20T11:48:37Z,78.0
2024-03-20T11:48:42Z,79.0
2024-03-20T11:48:52Z,80.0
2024-03-20T11:48:57Z,81.0
2024-03-20T11:49:02Z,80.0
2024-03-20T11:49:07Z,82.0
2024-03-20T11:49:12Z,85.0
2024-03-20T11:49:17Z,81.0
2024-03-20T11:49:22Z,83.0
2024-03-20T11:49:27Z,85.0
2024-03-20T11:49:32Z,84.0
2024-03-20T11:49:37Z,85.0
2024-03-20T11:49:42Z,86.0
2024-03-20T11:49:47Z,84.0
2024-03-20T11:49:57Z,79.0
2024-03-20T11:50:02Z,80.0
2024-03-20T11:50:07Z,79.0
2024-03-20T11:50:12Z,80.0
2024-03-20T11:50:17Z,79.0
2024-03-20T11:50:27Z,81.0
2024-03-20T11:50:32Z,80.0
2024-03-20T11:50:37Z,77.0
2024-03-20T11:50:47Z,76.0
2024-03-20T11:50:52Z,75.0
2024-03-20T11:51:07Z,78.0
2024-03-20T11:51:12Z,81.0
2024-03-20T11:51:17Z,78.0
2024-03-20T11:51:22Z,77.0
2024-03-20T11:51:27Z,76.0
2024-03-20T11:51:32Z,74.0
2024-03-20T11:51:42Z,75.0
2024-03-20T11:51:47Z,74.0
2024-03-20T11:51:52Z,71.0
2024-03-20T11:51:57Z,70.0
2024-03-20T11:52:12Z,69.0
2024-03-20T11:52:17Z,75.0
2024-03-20T11:52:27Z,74.0
2024-03-20T11:52:37Z,73.0
2024-03-20T11:52:42Z,69.0
2024-03-20T11:52:47Z,71.0
2024-03-20T11:52:52Z,74.0
2024-03-20T11:52:57Z,77.0
2024-03-20T11:53:07Z,78.0
2024-03-20T11:53:12Z,76.0
2024-03-20T11:53:27Z,75.0
2024-03-20T11:53:32Z,74.0
2024-03-20T11:53:42Z,76.0
2024-03-20T11:53:52Z,75.0
2024-03-20T11:53:57Z,74.0
2024-03-20T11:54:02Z,76.0
2024-03-20T11:54:07Z,77.0
2024-03-20T11:54:22Z,77.0
2024-03-20T11:54:32Z,76.0
2024-03-20T11:54:37Z,74.0
2024-03-20T11:54:42Z,73.0
2024-03-20T11:54:52Z,74.0
2024-03-20T11:54:57Z,75.0
2024-03-20T11:55:02Z,76.0
2024-03-20T11:55:07Z,77.0
2024-03-20T11:55:12Z,81.0
2024-03-20T11:55:17Z,83.0
2024-03-20T11:55:27Z,80.0
2024-03-20T11:55:32Z,79.0
2024-03-20T11:55:37Z,78.0
2024-03-20T11:55:42Z,81.0
2024-03-20T11:55:52Z,79.0
2024-03-20T11:56:02Z,77.0
2024-03-20T11:56:07Z,78.0
2024-03-20T11:56:12Z,76.0
2024-03-20T11:56:22Z,80.0
2024-03-20T11:56:27Z,82.0
2024-03-20T11:56:32Z,80.0
2024-03-20T11:56:42Z,82.0
2024-03-20T11:56:47Z,84.0
2024-03-20T11:56:52Z,83.0
2024-03-20T11:57:02Z,84.0
2024-03-20T11:57:07Z,82.0
2024-03-20T11:57:12Z,84.0
2024-03-20T11:57:17Z,82.0
2024-03-20T11:57:22Z,83.0
2024-03-20T11:57:27Z,82.0
2024-03-20T11:57:32Z,79.0
2024-03-20T11:57:37Z,81.0
2024-03-20T11:57:42Z,82.0
2024-03-20T11:57:47Z,83.0
2024-03-20T11:57:52Z,82.0
2024-03-20T11:57:57Z,81.0
2024-03-20T11:58:02Z,83.0
2024-03-20T11:58:12Z,89.0
2024-03-20T11:58:17Z,88.0
2024-03-20T11:58:22Z,84.0
2024-03-20T11:58:27Z,83.0
2024-03-20T11:58:32Z,81.0
2024-03-20T11:58:42Z,79.0
2024-03-20T11:58:47Z,82.0
2024-03-20T11:58:57Z,80.0
2024-03-20T11:59:02Z,82.0
2024-03-20T11:59:07Z,84.0
2024-03-20T11:59:12Z,85.0
2024-03-20T11:59:17Z,86.0
2024-03-20T11:59:22Z,82.0
2024-03-20T11:59:27Z,80.0
2024-03-20T11:59:32Z,82.0
2024-03-20T11:59:37Z,84.0
2024-03-20T11:59:42Z,81.0
2024-03-20T11:59:47Z,83.0
2024-03-20T11:59:52Z,84.0
2024-03-20T11:59:57Z,85.0
2024-03-20T12:00:02Z,83.0
2024-03-20T12:00:07Z,82.0
2024-03-20T12:00:12Z,83.0
2024-03-20T12:00:17Z,84.0
2024-03-20T12:00:27Z,83.0
2024-03-20T12:00:32Z,79.0
2024-03-20T12:00:37Z,78.0
2024-03-20T12:00:42Z,81.0
2024-03-20T12:00:47Z,80.0
2024-03-20T12:00:57Z,81.0
2024-03-20T12:01:02Z,82.0
2024-03-20T12:01:07Z,86.0
2024-03-20T12:01:17Z,87.0
2024-03-20T12:01:22Z,86.0
2024-03-20T12:01:27Z,85.0
2024-03-20T12:01:32Z,84.0
2024-03-20T12:01:42Z,82.0
2024-03-20T12:01:47Z,84.0
2024-03-20T12:01:52Z,85.0
2024-03-20T12:02:02Z,84.0
2024-03-20T12:02:07Z,85.0
2024-03-20T12:02:22Z,84.0
2024-03-20T12:02:32Z,82.0
2024-03-20T12:02:37Z,80.0
2024-03-20T12:02:42Z,84.0
2024-03-20T12:02:47Z,86.0
2024-03-20T12:02:52Z,85.0
2024-03-20T12:03:02Z,84.0
2024-03-20T12:03:07Z,83.0
2024-03-20T12:03:12Z,80.0
2024-03-20T12:03:22Z,81.0
2024-03-20T12:03:37Z,83.0
2024-03-20T12:03:42Z,84.0
2024-03-20T12:03:47Z,85.0
2024-03-20T12:03:52Z,84.0
2024-03-20T12:04:02Z,85.0
2024-03-20T12:04:07Z,82.0
2024-03-20T12:04:17Z,83.0
2024-03-20T12:04:27Z,82.0
2024-03-20T12:04:32Z,85.0
2024-03-20T12:04:37Z,90.0
2024-03-20T12:04:42Z,88.0
2024-03-20T12:04:47Z,86.0
2024-03-20T12:04:52Z,84.0
2024-03-20T12:05:02Z,82.0
2024-03-20T12:05:07Z,81.0
2024-03-20T12:05:17Z,80.0
2024-03-20T12:05:27Z,81.0
2024-03-20T12:05:32Z,86.0
2024-03-20T12:05:37Z,84.0
2024-03-20T12:05:42Z,85.0
2024-03-20T12:05:47Z,82.0
2024-03-20T12:05:52Z,77.0
2024-03-20T12:06:07Z,76.0
2024-03-20T12:06:12Z,78.0
2024-03-20T12:06:17Z,84.0
2024-03-20T12:06:22Z,85.0
2024-03-20T12:06:27Z,83.0
2024-03-20T12:06:32Z,82.0
2024-03-20T12:06:37Z,81.0
2024-03-20T12:06:42Z,83.0
2024-03-20T12:06:47Z,85.0
2024-03-20T12:06:52Z,86.0
2024-03-20T12:06:57Z,85.0
2024-03-20T12:07:02Z,83.0
2024-03-20T12:07:07Z,84.0
2024-03-20T12:07:17Z,86.0
2024-03-20T12:07:22Z,85.0
2024-03-20T12:07:27Z,83.0
2024-03-20T12:07:32Z,81.0
2024-03-20T12:07:37Z,79.0
2024-03-20T12:07:47Z,82.0
2024-03-20T12:07:52Z,81.0
2024-03-20T12:07:57Z,83.0
2024-03-20T12:08:07Z,82.0
2024-03-20T12:08:12Z,84.0
2024-03-20T12:08:17Z,86.0
2024-03-20T12:08:27Z,83.0
2024-03-20T12:08:32Z,85.0
2024-03-20T12:08:37Z,87.0
2024-03-20T12:08:42Z,83.0
2024-03-20T12:08:47Z,82.0
2024-03-20T12:08:52Z,84.0
2024-03-20T12:08:57Z,86.0
2024-03-20T12:09:02Z,83.0
2024-03-20T12:09:07Z,84.0
2024-03-20T12:09:12Z,84.0
2024-03-20T12:09:17Z,81.0
2024-03-20T12:09:27Z,80.0
2024-03-20T12:09:32Z,81.0
2024-03-20T12:09:42Z,82.0
2024-03-20T12:09:47Z,83.0
2024-03-20T12:09:52Z,84.0
2024-03-20T12:10:07Z,84.0
2024-03-20T12:10:12Z,80.0
2024-03-20T12:10:17Z,79.0
2024-03-20T12:10:22Z,78.0
2024-03-20T12:10:27Z,80.0
2024-03-20T12:10:32Z,79.0
2024-03-20T12:10:37Z,78.0
2024-03-20T12:10:42Z,79.0
2024-03-20T12:10:52Z,81.0
2024-03-20T12:10:57Z,79.0
2024-03-20T12:11:02Z,78.0
2024-03-20T12:11:07Z,77.0
2024-03-20T12:11:17Z,81.0
2024-03-20T12:11:22Z,84.0
2024-03-20T12:11:32Z,83.0
2024-03-20T12:11:37Z,81.0
2024-03-20T12:11:42Z,78.0
2024-03-20T12:11:47Z,80.0
2024-03-20T12:11:52Z,80.0
2024-03-20T12:11:57Z,79.0
2024-03-20T12:12:02Z,80.0
2024-03-20T12:12:07Z,81.0
2024-03-20T12:12:12Z,83.0
2024-03-20T12:12:17Z,80.0
2024-03-20T12:12:22Z,81.0
2024-03-20T12:12:27Z,86.0
2024-03-20T12:12:37Z,85.0
2024-03-20T12:12:52Z,85.0
2024-03-20T12:12:57Z,86.0
2024-03-20T12:13:07Z,85.0
2024-03-20T12:13:12Z,81.0
2024-03-20T12:13:22Z,82.0
2024-03-20T12:13:27Z,83.0
2024-03-20T12:13:32Z,87.0
2024-03-20T12:13:37Z,92.0
2024-03-20T12:13:42Z,95.0
2024-03-20T12:13:47Z,90.0
2024-03-20T12:13:52Z,89.0
2024-03-20T12:13:57Z,90.0
2024-03-20T12:14:02Z,89.0
2024-03-20T12:14:07Z,88.0
2024-03-20T12:14:12Z,86.0
2024-03-20T12:14:17Z,84.0
2024-03-20T12:14:27Z,87.0
2024-03-20T12:14:32Z,86.0
2024-03-20T12:14:37Z,85.0
2024-03-20T12:14:47Z,84.0
2024-03-20T12:14:52Z,83.0
2024-03-20T12:14:57Z,84.0
2024-03-20T12:15:02Z,88.0
2024-03-20T12:15:07Z,90.0
2024-03-20T12:15:12Z,88.0
2024-03-20T12:15:17Z,86.0
2024-03-20T12:15:22Z,87.0
2024-03-20T12:15:27Z,86.0
2024-03-20T12:15:32Z,88.0
2024-03-20T12:15:42Z,89.0
2024-03-20T12:15:47Z,90.0
2024-03-20T12:15:52Z,87.0
2024-03-20T12:15:57Z,86.0
2024-03-20T12:16:02Z,86.0
2024-03-20T12:16:12Z,85.0
2024-03-20T12:16:22Z,87.0
2024-03-20T12:16:27Z,88.0
2024-03-20T12:16:32Z,91.0
2024-03-20T12:16:37Z,92.0
2024-03-20T12:16:42Z,91.0
2024-03-20T12:16:47Z,89.0
2024-03-20T12:17:02Z,88.0
2024-03-20T12:17:07Z,86.0
2024-03-20T12:17:12Z,87.0
2024-03-20T12:17:22Z,86.0
2024-03-20T12:17:27Z,81.0
2024-03-20T12:17:37Z,84.0
2024-03-20T12:17:42Z,85.0
2024-03-20T12:17:52Z,86.0
2024-03-20T12:17:57Z,89.0
2024-03-20T12:18:02Z,88.0
2024-03-20T12:18:07Z,86.0
2024-03-20T12:18:12Z,85.0
2024-03-20T12:18:17Z,89.0
2024-03-20T12:18:22Z,92.0
2024-03-20T12:18:27Z,95.0
2024-03-20T12:18:32Z,87.0
2024-03-20T12:18:42Z,91.0
2024-03-20T12:18:47Z,93.0
2024-03-20T12:18:52Z,99.0
2024-03-20T12:18:57Z,97.0
2024-03-20T12:19:02Z,93.0
2024-03-20T12:19:07Z,96.0
2024-03-20T12:19:12Z,99.0
2024-03-20T12:19:17Z,105.0
2024-03-20T12:19:22Z,103.0
2024-03-20T12:19:27Z,102.0
2024-03-20T12:19:32Z,105.0
2024-03-20T12:19:37Z,101.0
2024-03-20T12:19:42Z,100.0
2024-03-20T12:19:52Z,102.0
2024-03-20T12:19:57Z,100.0
2024-03-20T12:20:02Z,99.0
2024-03-20T12:20:07Z,101.0
2024-03-20T12:20:12Z,101.0
2024-03-20T12:20:17Z,100.0
2024-03-20T12:20:22Z,98.0
2024-03-20T12:20:27Z,93.0
2024-03-20T12:20:32Z,89.0
2024-03-20T12:20:37Z,86.0
2024-03-20T12:20:42Z,87.0
2024-03-20T12:20:47Z,85.0
2024-03-20T12:21:02Z,87.0
2024-03-20T12:21:07Z,88.0
2024-03-20T12:21:12Z,86.0
2024-03-20T12:21:17Z,83.0
2024-03-20T12:21:22Z,85.0
2024-03-20T12:21:27Z,87.0
2024-03-20T12:21:32Z,85.0
2024-03-20T12:21:37Z,84.0
2024-03-20T12:21:42Z,80.0
2024-03-20T12:21:52Z,78.0
2024-03-20T12:21:57Z,80.0
2024-03-20T12:22:02Z,83.0
2024-03-20T12:22:07Z,85.0
2024-03-20T12:22:12Z,88.0
2024-03-20T12:22:17Z,89.0
2024-03-20T12:22:27Z,92.0
2024-03-20T12:22:32Z,97.0
2024-03-20T12:22:37Z,100.0
2024-03-20T12:22:42Z,99.0
2024-03-20T12:22:47Z,102.0
2024-03-20T12:22:52Z,103.0
2024-03-20T12:22:57Z,100.0
2024-03-20T12:23:02Z,99.0
2024-03-20T12:23:07Z,98.0
2024-03-20T12:23:12Z,97.0
2024-03-20T12:23:17Z,95.0
2024-03-20T12:23:32Z,94.0
2024-03-20T12:23:42Z,89.0
2024-03-20T12:23:47Z,87.0
2024-03-20T12:23:57Z,85.0
2024-03-20T12:24:07Z,84.0
2024-03-20T12:24:12Z,83.0
2024-03-20T12:24:17Z,84.0
2024-03-20T12:24:22Z,87.0
2024-03-20T12:24:27Z,89.0
2024-03-20T12:24:32Z,87.0
2024-03-20T12:24:37Z,86.0
2024-03-20T12:24:42Z,84.0
2024-03-20T12:24:47Z,83.0
2024-03-20T12:24:57Z,82.0
2024-03-20T12:25:02Z,78.0
2024-03-20T12:25:07Z,79.0
2024-03-20T12:25:12Z,81.0
2024-03-20T12:25:17Z,82.0
2024-03-20T12:25:22Z,83.0
2024-03-20T12:25:27Z,82.0
2024-03-20T12:25:32Z,83.0
2024-03-20T12:25:42Z,87.0
2024-03-20T12:25:47Z,99.0
2024-03-20T12:25:52Z,104.0
2024-03-20T12:25:57Z,106.0
2024-03-20T12:26:02Z,105.0
2024-03-20T12:26:17Z,105.0
2024-03-20T12:26:22Z,104.0
2024-03-20T12:26:27Z,101.0
2024-03-20T12:26:32Z,100.0
2024-03-20T12:26:37Z,97.0
2024-03-20T12:26:42Z,96.0
2024-03-20T12:26:47Z,99.0
2024-03-20T12:26:57Z,97.0
2024-03-20T12:27:02Z,93.0
2024-03-20T12:27:12Z,92.0
2024-03-20T12:27:17Z,91.0
2024-03-20T12:27:22Z,88.0
2024-03-20T12:27:27Z,90.0
2024-03-20T12:27:32Z,89.0
2024-03-20T12:27:37Z,88.0
2024-03-20T12:27:42Z,87.0
2024-03-20T12:27:47Z,86.0
2024-03-20T12:27:57Z,87.0
2024-03-20T12:28:02Z,86.0
2024-03-20T12:28:07Z,85.0
2024-03-20T12:28:12Z,84.0
2024-03-20T12:28:17Z,85.0
2024-03-20T12:28:27Z,83.0
2024-03-20T12:28:32Z,84.0
2024-03-20T12:28:37Z,86.0
2024-03-20T12:28:42Z,88.0
2024-03-20T12:28:52Z,89.0
2024-03-20T12:28:57Z,88.0
2024-03-20T12:29:02Z,86.0
2024-03-20T12:29:07Z,87.0
2024-03-20T12:29:22Z,89.0
2024-03-20T12:29:27Z,90.0
2024-03-20T12:29:32Z,91.0
2024-03-20T12:29:37Z,90.0
2024-03-20T12:29:42Z,90.0
2024-03-20T12:29:47Z,91.0
2024-03-20T12:34:17Z,37.0
2024-03-20T12:34:22Z,96.0
2024-03-20T12:34:27Z,90.0
2024-03-20T12:34:32Z,88.0
2024-03-20T12:34:37Z,90.0
2024-03-20T12:34:42Z,93.0
2024-03-20T12:34:47Z,91.0
2024-03-20T12:34:52Z,86.0
2024-03-20T12:34:57Z,84.0
2024-03-20T12:35:02Z,86.0
2024-03-20T12:35:07Z,88.0
2024-03-20T12:35:17Z,91.0
2024-03-20T12:35:22Z,92.0
2024-03-20T12:35:27Z,92.0
2024-03-20T12:35:32Z,93.0
2024-03-20T12:35:37Z,99.0
2024-03-20T12:35:42Z,101.0
2024-03-20T12:35:52Z,100.0
2024-03-20T12:35:57Z,98.0
2024-03-20T12:36:02Z,99.0
2024-03-20T12:36:07Z,95.0
2024-03-20T12:36:12Z,93.0
2024-03-20T12:36:17Z,97.0
2024-03-20T12:36:22Z,102.0
2024-03-20T12:36:27Z,94.0
2024-03-20T12:36:32Z,93.0
2024-03-20T12:36:37Z,92.0
2024-03-20T12:36:42Z,90.0
2024-03-20T12:36:47Z,86.0
2024-03-20T12:36:52Z,87.0
2024-03-20T12:36:58Z,88.0
2024-03-20T12:37:03Z,87.0
2024-03-20T12:37:13Z,86.0
2024-03-20T12:37:18Z,85.0
2024-03-20T12:37:23Z,86.0
2024-03-20T12:37:28Z,88.0
2024-03-20T12:37:33Z,90.0
2024-03-20T12:37:43Z,88.0
2024-03-20T12:37:48Z,87.0
2024-03-20T12:37:58Z,84.0
2024-03-20T12:38:03Z,85.0
2024-03-20T12:38:08Z,86.0
2024-03-20T12:38:18Z,88.0
2024-03-20T12:38:23Z,91.0
2024-03-20T12:38:33Z,92.0
2024-03-20T12:38:38Z,91.0
2024-03-20T12:38:48Z,89.0
2024-03-20T12:38:54Z,89.0
2024-03-20T12:38:59Z,90.0
2024-03-20T12:39:04Z,89.0
2024-03-20T12:39:09Z,87.0
2024-03-20T12:39:14Z,88.0
2024-03-20T12:39:19Z,87.0
2024-03-20T12:39:24Z,82.0
2024-03-20T12:39:29Z,82.0
2024-03-20T12:39:34Z,84.0
2024-03-20T12:39:39Z,86.0
2024-03-20T12:39:44Z,87.0
2024-03-20T12:39:49Z,88.0
2024-03-20T12:39:54Z,87.0
2024-03-20T12:39:59Z,86.0
2024-03-20T12:40:04Z,83.0
2024-03-20T12:40:09Z,79.0
2024-03-20T12:40:14Z,78.0
2024-03-20T12:40:19Z,79.0
2024-03-20T12:40:29Z,77.0
2024-03-20T12:40:44Z,76.0
2024-03-20T12:40:59Z,79.0
2024-03-20T12:41:04Z,84.0
2024-03-20T12:41:09Z,87.0
2024-03-20T12:41:14Z,88.0
2024-03-20T12:41:19Z,86.0
2024-03-20T12:41:24Z,83.0
2024-03-20T12:41:29Z,88.0
2024-03-20T12:41:34Z,89.0
2024-03-20T12:41:39Z,87.0
2024-03-20T12:41:44Z,89.0
2024-03-20T12:41:49Z,87.0
2024-03-20T12:41:59Z,85.0
2024-03-20T12:42:14Z,85.0
2024-03-20T12:42:29Z,86.0
2024-03-20T12:42:34Z,87.0
2024-03-20T12:42:39Z,86.0
2024-03-20T12:42:44Z,89.0
2024-03-20T12:42:49Z,85.0
2024-03-20T12:42:54Z,84.0
2024-03-20T12:42:59Z,82.0
2024-03-20T12:43:09Z,81.0
2024-03-20T12:43:14Z,83.0
2024-03-20T12:43:19Z,85.0
2024-03-20T12:43:24Z,87.0
2024-03-20T12:43:29Z,84.0
2024-03-20T12:43:34Z,85.0
2024-03-20T12:43:39Z,88.0
2024-03-20T12:43:44Z,83.0
2024-03-20T12:43:49Z,81.0
2024-03-20T12:43:54Z,83.0
2024-03-20T12:44:04Z,82.0
2024-03-20T12:44:09Z,85.0
2024-03-20T12:44:14Z,87.0
2024-03-20T12:44:19Z,88.0
2024-03-20T12:44:24Z,89.0
2024-03-20T12:44:29Z,90.0
2024-03-20T12:44:34Z,86.0
2024-03-20T12:44:39Z,83.0
2024-03-20T12:44:44Z,80.0
2024-03-20T12:44:49Z,79.0
2024-03-20T12:44:54Z,81.0
2024-03-20T12:45:04Z,79.0
2024-03-20T12:45:19Z,79.0
2024-03-20T12:45:24Z,80.0
2024-03-20T12:45:29Z,82.0
2024-03-20T12:45:34Z,83.0
2024-03-20T12:45:39Z,82.0
2024-03-20T12:45:44Z,80.0
2024-03-20T12:45:49Z,81.0
2024-03-20T12:45:54Z,77.0
2024-03-20T12:45:59Z,74.0
2024-03-20T12:46:04Z,72.0
2024-03-20T12:46:09Z,73.0
2024-03-20T12:46:14Z,74.0
2024-03-20T12:46:19Z,75.0
2024-03-20T12:46:24Z,76.0
2024-03-20T12:46:29Z,79.0
2024-03-20T12:46:44Z,79.0
2024-03-20T12:46:54Z,80.0
2024-03-20T12:46:59Z,81.0
2024-03-20T12:47:04Z,80.0
2024-03-20T12:47:09Z,80.0
2024-03-20T12:47:14Z,79.0
2024-03-20T12:47:24Z,82.0
2024-03-20T12:47:29Z,83.0
2024-03-20T12:47:34Z,87.0
2024-03-20T12:47:49Z,88.0
2024-03-20T12:47:54Z,87.0
2024-03-20T12:47:59Z,83.0
2024-03-20T12:48:04Z,82.0
2024-03-20T12:48:09Z,83.0
2024-03-20T12:48:19Z,84.0
2024-03-20T12:48:24Z,81.0
2024-03-20T12:48:29Z,82.0
2024-03-20T12:48:34Z,83.0
2024-03-20T12:48:44Z,85.0
2024-03-20T12:48:54Z,87.0
2024-03-20T12:49:09Z,89.0
2024-03-20T12:49:14Z,91.0
2024-03-20T12:49:19Z,90.0
2024-03-20T12:49:24Z,87.0
2024-03-20T12:49:29Z,83.0
2024-03-20T12:49:34Z,81.0
2024-03-20T12:49:44Z,83.0
2024-03-20T12:49:49Z,86.0
2024-03-20T12:49:59Z,85.0
2024-03-20T12:50:04Z,84.0
2024-03-20T12:50:09Z,86.0
2024-03-20T12:50:14Z,84.0
2024-03-20T12:50:19Z,83.0
2024-03-20T12:50:24Z,79.0
2024-03-20T12:50:34Z,77.0
2024-03-20T12:50:39Z,78.0
2024-03-20T12:50:44Z,82.0
2024-03-20T12:50:49Z,83.0
2024-03-20T12:50:54Z,85.0
2024-03-20T12:50:59Z,88.0
2024-03-20T12:51:04Z,89.0
2024-03-20T12:51:09Z,91.0
2024-03-20T12:51:19Z,87.0
2024-03-20T12:51:24Z,89.0
2024-03-20T12:51:29Z,91.0
2024-03-20T12:51:34Z,89.0
2024-03-20T12:51:39Z,88.0
2024-03-20T12:51:44Z,89.0
2024-03-20T12:51:49Z,90.0
2024-03-20T12:51:54Z,86.0
2024-03-20T12:51:59Z,87.0
2024-03-20T12:52:04Z,89.0
2024-03-20T12:52:09Z,92.0
2024-03-20T12:52:19Z,94.0
2024-03-20T12:52:24Z,91.0
2024-03-20T12:52:29Z,90.0
2024-03-20T12:52:34Z,92.0
2024-03-20T12:52:39Z,93.0
2024-03-20T12:52:44Z,91.0
2024-03-20T12:52:49Z,88.0
2024-03-20T12:53:04Z,88.0
2024-03-20T12:53:09Z,87.0
2024-03-20T12:53:14Z,88.0
2024-03-20T12:53:29Z,86.0
2024-03-20T12:53:34Z,82.0
2024-03-20T12:53:39Z,85.0
2024-03-20T12:53:44Z,88.0
2024-03-20T12:53:49Z,85.0
2024-03-20T12:53:59Z,87.0
2024-03-20T12:54:04Z,90.0
2024-03-20T12:54:09Z,89.0
2024-03-20T12:54:14Z,88.0
2024-03-20T12:54:19Z,86.0
2024-03-20T12:54:24Z,83.0
2024-03-20T12:54:29Z,81.0
2024-03-20T12:54:34Z,78.0
2024-03-20T12:54:39Z,79.0
2024-03-20T12:54:44Z,82.0
2024-03-20T12:54:54Z,81.0
2024-03-20T12:54:59Z,82.0
2024-03-20T12:55:04Z,80.0
2024-03-20T12:55:09Z,82.0
2024-03-20T12:55:14Z,83.0
2024-03-20T12:55:19Z,84.0
2024-03-20T12:55:24Z,85.0
2024-03-20T12:55:29Z,84.0
2024-03-20T12:55:34Z,85.0
2024-03-20T12:55:39Z,87.0
2024-03-20T12:55:44Z,88.0
2024-03-20T12:55:49Z,87.0
2024-03-20T12:55:54Z,85.0
2024-03-20T12:55:59Z,86.0
2024-03-20T12:56:04Z,87.0
2024-03-20T12:56:09Z,91.0
2024-03-20T12:56:14Z,92.0
2024-03-20T12:56:19Z,90.0
2024-03-20T12:56:24Z,87.0
2024-03-20T12:56:29Z,88.0
2024-03-20T12:56:34Z,87.0
2024-03-20T12:56:39Z,85.0
2024-03-20T12:56:44Z,86.0
2024-03-20T12:56:49Z,88.0
2024-03-20T12:56:54Z,89.0
2024-03-20T12:56:59Z,85.0
2024-03-20T12:57:04Z,86.0
2024-03-20T12:57:09Z,91.0
2024-03-20T12:57:14Z,93.0
2024-03-20T12:57:19Z,89.0
2024-03-20T12:57:24Z,88.0
2024-03-20T12:57:29Z,85.0
2024-03-20T12:57:34Z,86.0
2024-03-20T12:57:44Z,89.0
2024-03-20T12:57:49Z,90.0
2024-03-20T12:57:54Z,89.0
2024-03-20T12:57:59Z,96.0
2024-03-20T12:58:04Z,94.0
2024-03-20T12:58:09Z,93.0
2024-03-20T12:58:14Z,92.0
2024-03-20T12:58:24Z,91.0
2024-03-20T12:58:29Z,87.0
2024-03-20T12:58:34Z,89.0
2024-03-20T12:58:39Z,90.0
2024-03-20T12:58:44Z,88.0
2024-03-20T12:58:49Z,89.0
2024-03-20T12:58:54Z,88.0
2024-03-20T12:59:04Z,89.0
2024-03-20T12:59:09Z,88.0
2024-03-20T12:59:14Z,89.0
2024-03-20T12:59:19Z,90.0
2024-03-20T12:59:29Z,91.0
2024-03-20T12:59:34Z,92.0
2024-03-20T12:59:39Z,91.0
2024-03-20T12:59:49Z,92.0
2024-03-20T13:00:04Z,91.0
2024-03-20T13:00:09Z,92.0
2024-03-20T13:00:14Z,90.0
2024-03-20T13:00:19Z,89.0
2024-03-20T13:00:24Z,86.0
2024-03-20T13:00:29Z,84.0
2024-03-20T13:00:34Z,82.0
2024-03-20T13:00:39Z,84.0
2024-03-20T13:00:44Z,88.0
2024-03-20T13:00:59Z,87.0
2024-03-20T13:01:09Z,88.0
2024-03-20T13:01:14Z,89.0
2024-03-20T13:01:24Z,90.0
2024-03-20T13:01:29Z,89.0
2024-03-20T13:01:34Z,88.0
2024-03-20T13:01:39Z,86.0
2024-03-20T13:01:44Z,83.0
2024-03-20T13:01:49Z,82.0
2024-03-20T13:01:54Z,83.0
2024-03-20T13:01:59Z,82.0
2024-03-20T13:02:04Z,80.0
2024-03-20T13:02:19Z,81.0
2024-03-20T13:02:34Z,79.0
2024-03-20T13:02:39Z,78.0
2024-03-20T13:02:44Z,77.0
2024-03-20T13:02:49Z,78.0
2024-03-20T13:02:54Z,80.0
2024-03-20T13:02:59Z,80.0
2024-03-20T13:03:04Z,82.0
2024-03-20T13:03:09Z,86.0
2024-03-20T13:03:14Z,87.0
2024-03-20T13:03:19Z,89.0
2024-03-20T13:03:24Z,90.0
2024-03-20T13:03:29Z,90.0
2024-03-20T13:03:34Z,89.0
2024-03-20T13:03:44Z,90.0
2024-03-20T13:03:49Z,89.0
2024-03-20T13:03:59Z,87.0
2024-03-20T13:04:04Z,86.0
2024-03-20T13:04:09Z,83.0
2024-03-20T13:04:14Z,82.0
2024-03-20T13:04:19Z,81.0
2024-03-20T13:04:34Z,81.0
2024-03-20T13:04:39Z,79.0
2024-03-20T13:04:44Z,78.0
2024-03-20T13:04:49Z,77.0
2024-03-20T13:04:54Z,76.0
2024-03-20T13:04:59Z,77.0
2024-03-20T13:05:04Z,78.0
2024-03-20T13:05:09Z,76.0
2024-03-20T13:05:14Z,75.0
2024-03-20T13:05:19Z,75.0
2024-03-20T13:05:24Z,75.0
2024-03-20T13:05:29Z,74.0
2024-03-20T13:05:34Z,76.0
2024-03-20T13:05:39Z,79.0
2024-03-20T13:05:44Z,83.0
2024-03-20T13:05:49Z,88.0
2024-03-20T13:05:54Z,87.0
2024-03-20T13:05:59Z,85.0
2024-03-20T13:06:04Z,84.0
2024-03-20T13:06:09Z,87.0
2024-03-20T13:06:14Z,88.0
2024-03-20T13:06:24Z,87.0
2024-03-20T13:06:34Z,88.0
2024-03-20T13:06:39Z,89.0
2024-03-20T13:06:44Z,88.0
2024-03-20T13:06:49Z,85.0
2024-03-20T13:06:54Z,84.0
2024-03-20T13:07:04Z,85.0
2024-03-20T13:07:19Z,85.0
2024-03-20T13:07:24Z,84.0
2024-03-20T13:07:29Z,82.0
2024-03-20T13:07:34Z,83.0
2024-03-20T13:07:39Z,84.0
2024-03-20T13:07:44Z,83.0
2024-03-20T13:07:49Z,84.0
2024-03-20T13:07:54Z,83.0
2024-03-20T13:07:59Z,82.0
2024-03-20T13:08:04Z,83.0
2024-03-20T13:08:09Z,81.0
2024-03-20T13:08:14Z,82.0
2024-03-20T13:08:19Z,86.0
2024-03-20T13:08:24Z,87.0
2024-03-20T13:08:34Z,85.0
2024-03-20T13:08:39Z,82.0
2024-03-20T13:08:44Z,84.0
2024-03-20T13:08:49Z,85.0
2024-03-20T13:08:59Z,86.0
2024-03-20T13:09:04Z,87.0
2024-03-20T13:09:09Z,88.0
2024-03-20T13:09:14Z,86.0
2024-03-20T13:09:24Z,84.0
2024-03-20T13:09:29Z,83.0
2024-03-20T13:09:34Z,86.0
2024-03-20T13:09:39Z,85.0
2024-03-20T13:09:44Z,86.0
2024-03-20T13:09:49Z,84.0
2024-03-20T13:09:54Z,86.0
2024-03-20T13:09:59Z,89.0
2024-03-20T13:10:09Z,87.0
2024-03-20T13:10:14Z,86.0
2024-03-20T13:10:19Z,84.0
2024-03-20T13:10:24Z,83.0
2024-03-20T13:10:29Z,85.0
2024-03-20T13:10:34Z,87.0
2024-03-20T13:10:39Z,86.0
2024-03-20T13:10:54Z,87.0
2024-03-20T13:10:59Z,85.0
2024-03-20T13:11:04Z,84.0
2024-03-20T13:11:09Z,85.0
2024-03-20T13:11:14Z,87.0
2024-03-20T13:11:19Z,85.0
2024-03-20T13:11:24Z,84.0
2024-03-20T13:11:29Z,84.0
2024-03-20T13:11:34Z,85.0
2024-03-20T13:11:49Z,84.0
2024-03-20T13:11:59Z,83.0
2024-03-20T13:12:04Z,80.0
2024-03-20T13:12:09Z,79.0
2024-03-20T13:12:14Z,78.0
2024-03-20T13:12:19Z,80.0
2024-03-20T13:12:24Z,82.0
2024-03-20T13:12:29Z,83.0
2024-03-20T13:12:34Z,81.0
2024-03-20T13:12:39Z,82.0
2024-03-20T13:12:49Z,84.0
2024-03-20T13:12:54Z,86.0
2024-03-20T13:12:59Z,85.0
2024-03-20T13:13:04Z,80.0
2024-03-20T13:13:14Z,84.0
2024-03-20T13:13:19Z,85.0
2024-03-20T13:13:24Z,88.0
2024-03-20T13:13:29Z,87.0
2024-03-20T13:13:39Z,88.0
2024-03-20T13:13:44Z,87.0
2024-03-20T13:13:49Z,90.0
2024-03-20T13:13:54Z,95.0
2024-03-20T13:13:59Z,91.0
2024-03-20T13:14:04Z,88.0
2024-03-20T13:14:14Z,92.0
2024-03-20T13:14:19Z,97.0
2024-03-20T13:14:24Z,98.0
2024-03-20T13:14:29Z,97.0
2024-03-20T13:14:34Z,96.0
2024-03-20T13:14:39Z,98.0
2024-03-20T13:14:44Z,100.0
2024-03-20T13:14:49Z,102.0
2024-03-20T13:14:54Z,100.0
2024-03-20T13:14:59Z,101.0
2024-03-20T13:15:09Z,103.0
2024-03-20T13:15:14Z,109.0
2024-03-20T13:15:19Z,111.0
2024-03-20T13:15:34Z,114.0
2024-03-20T13:15:39Z,113.0
2024-03-20T13:15:49Z,117.0
2024-03-20T13:16:04Z,115.0
2024-03-20T13:16:09Z,113.0
2024-03-20T13:16:14Z,112.0
2024-03-20T13:16:19Z,111.0
2024-03-20T13:16:24Z,110.0
2024-03-20T13:16:29Z,107.0
2024-03-20T13:16:34Z,104.0
2024-03-20T13:16:39Z,106.0
2024-03-20T13:16:44Z,105.0
2024-03-20T13:16:49Z,100.0
2024-03-20T13:16:54Z,102.0
2024-03-20T13:17:04Z,105.0
2024-03-20T13:17:09Z,107.0
2024-03-20T13:17:19Z,109.0
2024-03-20T13:17:24Z,111.0
2024-03-20T13:17:29Z,109.0
2024-03-20T13:17:39Z,108.0
2024-03-20T13:17:49Z,105.0
2024-03-20T13:17:59Z,101.0
2024-03-20T13:18:04Z,97.0
2024-03-20T13:18:09Z,95.0
2024-03-20T13:18:14Z,96.0
2024-03-20T13:18:19Z,94.0
2024-03-20T13:18:24Z,96.0
2024-03-20T13:18:29Z,94.0
2024-03-20T13:18:34Z,95.0
2024-03-20T13:18:39Z,93.0
2024-03-20T13:18:44Z,90.0
2024-03-20T13:18:54Z,91.0
2024-03-20T13:18:59Z,93.0
2024-03-20T13:19:04Z,90.0
2024-03-20T13:19:14Z,88.0
2024-03-20T13:19:19Z,89.0
2024-03-20T13:19:24Z,90.0
2024-03-20T13:19:29Z,92.0
2024-03-20T13:19:34Z,94.0
2024-03-20T13:19:39Z,95.0
2024-03-20T13:19:49Z,96.0
2024-03-20T13:19:54Z,100.0
2024-03-20T13:19:59Z,100.0
2024-03-20T13:20:04Z,104.0
2024-03-20T13:20:09Z,107.0
2024-03-20T13:20:14Z,106.0
2024-03-20T13:20:19Z,105.0
2024-03-20T13:20:24Z,102.0
2024-03-20T13:20:29Z,100.0
2024-03-20T13:20:34Z,99.0
2024-03-20T13:20:39Z,98.0
2024-03-20T13:20:49Z,99.0
2024-03-20T13:20:59Z,103.0
2024-03-20T13:21:04Z,105.0
2024-03-20T13:21:09Z,100.0
2024-03-20T13:21:14Z,99.0
2024-03-20T13:21:19Z,100.0
2024-03-20T13:21:24Z,96.0
2024-03-20T13:21:29Z,98.0
2024-03-20T13:21:34Z,96.0
2024-03-20T13:21:39Z,93.0
2024-03-20T13:21:44Z,94.0
2024-03-20T13:21:49Z,92.0
2024-03-20T13:21:54Z,93.0
2024-03-20T13:21:59Z,89.0
2024-03-20T13:22:06Z,88.0
2024-03-20T13:22:21Z,89.0
2024-03-20T13:22:26Z,91.0
2024-03-20T13:22:31Z,92.0
2024-03-20T13:22:41Z,93.0
2024-03-20T13:22:46Z,90.0
2024-03-20T13:22:51Z,87.0
2024-03-20T13:22:56Z,86.0
2024-03-20T13:23:01Z,89.0
2024-03-20T13:23:06Z,90.0
2024-03-20T13:23:11Z,89.0
2024-03-20T13:23:16Z,88.0
2024-03-20T13:23:21Z,87.0
2024-03-20T13:23:26Z,85.0
2024-03-20T13:23:31Z,84.0
2024-03-20T13:23:36Z,87.0
2024-03-20T13:23:41Z,88.0
2024-03-20T13:23:46Z,90.0
2024-03-20T13:24:01Z,90.0
2024-03-20T13:24:06Z,91.0
2024-03-20T13:24:11Z,92.0
2024-03-20T13:24:16Z,98.0
2024-03-20T13:24:21Z,97.0
2024-03-20T13:24:26Z,94.0
2024-03-20T13:24:31Z,96.0
2024-03-20T13:24:41Z,98.0
2024-03-20T13:24:51Z,95.0
2024-03-20T13:24:56Z,93.0
2024-03-20T13:25:01Z,97.0
2024-03-20T13:25:11Z,95.0
2024-03-20T13:25:21Z,94.0
2024-03-20T13:25:26Z,97.0
2024-03-20T13:25:31Z,99.0
2024-03-20T13:25:36Z,98.0
2024-03-20T13:25:46Z,99.0
2024-03-20T13:25:51Z,100.0
2024-03-20T13:25:56Z,101.0
2024-03-20T13:26:01Z,102.0
2024-03-20T13:26:06Z,99.0
2024-03-20T13:26:11Z,94.0
2024-03-20T13:26:16Z,94.0
2024-03-20T13:26:21Z,93.0
2024-03-20T13:26:26Z,92.0
2024-03-20T13:26:36Z,91.0
2024-03-20T13:26:41Z,89.0
2024-03-20T13:26:46Z,87.0
2024-03-20T13:26:51Z,89.0
2024-03-20T13:26:56Z,91.0
2024-03-20T13:27:01Z,97.0
2024-03-20T13:27:06Z,98.0
2024-03-20T13:27:11Z,99.0
2024-03-20T13:27:16Z,95.0
2024-03-20T13:27:21Z,97.0
2024-03-20T13:27:26Z,102.0
2024-03-20T13:27:31Z,108.0
2024-03-20T13:27:36Z,103.0
2024-03-20T13:27:41Z,102.0
2024-03-20T13:27:46Z,100.0
2024-03-20T13:27:51Z,98.0
2024-03-20T13:27:56Z,99.0
2024-03-20T13:28:01Z,104.0
2024-03-20T13:28:06Z,107.0
2024-03-20T13:28:11Z,102.0
2024-03-20T13:28:16Z,103.0
2024-03-20T13:28:21Z,104.0
2024-03-20T13:28:26Z,103.0
2024-03-20T13:28:31Z,99.0
2024-03-20T13:28:36Z,95.0
2024-03-20T13:28:51Z,93.0
2024-03-20T13:28:56Z,91.0
2024-03-20T13:29:06Z,90.0
2024-03-20T13:29:11Z,91.0
2024-03-20T13:29:16Z,88.0
2024-03-20T13:29:31Z,88.0
2024-03-20T13:29:36Z,80.0
2024-03-20T13:29:41Z,75.0
2024-03-20T13:29:46Z,77.0
2024-03-20T13:29:51Z,82.0
2024-03-20T13:29:56Z,84.0
2024-03-20T13:30:01Z,87.0
2024-03-20T13:30:06Z,87.0
2024-03-20T13:30:11Z,87.0
2024-03-20T13:30:21Z,88.0
2024-03-20T13:30:26Z,87.0
2024-03-20T13:30:31Z,88.0
2024-03-20T13:30:41Z,96.0
2024-03-20T13:30:46Z,100.0
2024-03-20T13:30:51Z,95.0
2024-03-20T13:30:56Z,92.0
2024-03-20T13:31:01Z,94.0
2024-03-20T13:31:06Z,96.0
2024-03-20T13:31:11Z,88.0
2024-03-20T13:31:16Z,82.0
2024-03-20T13:31:21Z,81.0
2024-03-20T13:31:26Z,85.0
2024-03-20T13:31:31Z,89.0
2024-03-20T13:31:36Z,90.0
2024-03-20T13:31:41Z,91.0
2024-03-20T13:31:46Z,93.0
2024-03-20T13:31:51Z,92.0
2024-03-20T13:31:56Z,91.0
2024-03-20T13:32:01Z,93.0
2024-03-20T13:32:06Z,96.0
2024-03-20T13:32:11Z,99.0
2024-03-20T13:32:16Z,98.0
2024-03-20T13:32:26Z,97.0
2024-03-20T13:32:31Z,95.0
2024-03-20T13:32:36Z,92.0
2024-03-20T13:32:41Z,90.0
2024-03-20T13:32:46Z,89.0
2024-03-20T13:32:51Z,90.0
2024-03-20T13:32:56Z,91.0
2024-03-20T13:33:01Z,92.0
2024-03-20T13:33:06Z,90.0
2024-03-20T13:33:11Z,91.0
2024-03-20T13:33:16Z,90.0
2024-03-20T13:33:21Z,88.0
2024-03-20T13:33:26Z,84.0
2024-03-20T13:33:36Z,86.0
2024-03-20T13:33:41Z,90.0
2024-03-20T13:33:56Z,86.0
2024-03-20T13:34:01Z,79.0
2024-03-20T13:34:06Z,84.0
2024-03-20T13:34:11Z,89.0
2024-03-20T13:34:16Z,87.0
2024-03-20T13:34:21Z,88.0
2024-03-20T13:34:26Z,92.0
2024-03-20T13:34:41Z,96.0
2024-03-20T13:34:51Z,94.0
2024-03-20T13:34:56Z,91.0
2024-03-20T13:35:01Z,90.0
2024-03-20T13:35:06Z,92.0
2024-03-20T13:35:11Z,90.0
2024-03-20T13:35:16Z,86.0
2024-03-20T13:35:21Z,85.0
2024-03-20T13:35:26Z,91.0
2024-03-20T13:35:31Z,95.0
2024-03-20T13:35:36Z,98.0
2024-03-20T13:35:41Z,102.0
2024-03-20T13:35:46Z,106.0
2024-03-20T13:35:51Z,105.0
2024-03-20T13:35:56Z,104.0
2024-03-20T13:36:01Z,111.0
2024-03-20T13:36:06Z,108.0
2024-03-20T13:36:11Z,106.0
2024-03-20T13:36:16Z,107.0
2024-03-20T13:36:21Z,110.0
2024-03-20T13:36:26Z,109.0
2024-03-20T13:36:31Z,110.0
2024-03-20T13:36:36Z,113.0
2024-03-20T13:36:41Z,112.0
2024-03-20T13:36:46Z,108.0
2024-03-20T13:36:51Z,107.0
2024-03-20T13:36:56Z,109.0
2024-03-20T13:37:01Z,105.0
2024-03-20T13:37:06Z,101.0
2024-03-20T13:37:11Z,102.0
2024-03-20T13:37:16Z,108.0
2024-03-20T13:37:21Z,114.0
2024-03-20T13:37:26Z,117.0
2024-03-20T13:37:31Z,115.0
2024-03-20T13:37:36Z,115.0
2024-03-20T13:37:41Z,117.0
2024-03-20T13:37:51Z,118.0
2024-03-20T13:37:56Z,119.0
2024-03-20T13:38:01Z,117.0
2024-03-20T13:38:06Z,121.0
2024-03-20T13:38:11Z,119.0
2024-03-20T13:38:21Z,118.0
2024-03-20T13:38:26Z,117.0
2024-03-20T13:38:31Z,118.0
2024-03-20T13:38:36Z,122.0
2024-03-20T13:38:41Z,120.0
2024-03-20T13:38:46Z,116.0
2024-03-20T13:38:51Z,117.0
2024-03-20T13:38:56Z,119.0
2024-03-20T13:39:02Z,122.0
2024-03-20T13:39:07Z,121.0
2024-03-20T13:39:12Z,122.0
2024-03-20T13:39:17Z,121.0
2024-03-20T13:39:22Z,116.0
2024-03-20T13:39:27Z,113.0
2024-03-20T13:39:32Z,112.0
2024-03-20T13:39:37Z,114.0
2024-03-20T13:39:42Z,113.0
2024-03-20T13:39:47Z,112.0
2024-03-20T13:39:52Z,110.0
2024-03-20T13:40:07Z,107.0
2024-03-20T13:40:12Z,108.0
2024-03-20T13:40:18Z,108.0
2024-03-20T13:40:23Z,110.0
2024-03-20T13:40:28Z,108.0
2024-03-20T13:40:33Z,109.0
2024-03-20T13:40:38Z,103.0
2024-03-20T13:40:43Z,105.0
2024-03-20T13:40:48Z,106.0
2024-03-20T13:40:53Z,108.0
2024-03-20T13:40:58Z,107.0
2024-03-20T13:41:03Z,102.0
2024-03-20T13:41:13Z,104.0
2024-03-20T13:41:18Z,107.0
2024-03-20T13:41:23Z,106.0
2024-03-20T13:41:28Z,109.0
2024-03-20T13:41:33Z,111.0
2024-03-20T13:41:38Z,112.0
2024-03-20T13:41:48Z,113.0
2024-03-20T13:41:53Z,118.0
2024-03-20T13:41:58Z,116.0
2024-03-20T13:42:03Z,118.0
2024-03-20T13:42:08Z,124.0
2024-03-20T13:42:13Z,119.0
2024-03-20T13:42:18Z,110.0
2024-03-20T13:42:23Z,107.0
2024-03-20T13:42:28Z,105.0
2024-03-20T13:42:38Z,108.0
2024-03-20T13:42:43Z,107.0
2024-03-20T13:42:48Z,106.0
2024-03-20T13:42:53Z,99.0
2024-03-20T13:42:58Z,102.0
2024-03-20T13:43:03Z,103.0
2024-03-20T13:43:13Z,104.0
2024-03-20T13:43:18Z,105.0
2024-03-20T13:43:23Z,107.0
2024-03-20T13:43:28Z,108.0
2024-03-20T13:43:33Z,106.0
2024-03-20T13:43:38Z,108.0
2024-03-20T13:43:43Z,102.0
2024-03-20T13:43:48Z,100.0
2024-03-20T13:43:53Z,101.0
2024-03-20T13:43:58Z,103.0
2024-03-20T13:44:03Z,107.0
2024-03-20T13:44:13Z,105.0
2024-03-20T13:44:18Z,103.0
2024-03-20T13:44:23Z,101.0
2024-03-20T13:44:28Z,102.0
2024-03-20T13:44:33Z,101.0
2024-03-20T13:44:43Z,94.0
2024-03-20T13:44:48Z,92.0
2024-03-20T13:44:53Z,89.0
2024-03-20T13:44:58Z,87.0
2024-03-20T13:45:08Z,89.0
2024-03-20T13:45:18Z,92.0
2024-03-20T13:45:23Z,93.0
2024-03-20T13:45:28Z,99.0
2024-03-20T13:45:33Z,100.0
2024-03-20T13:45:38Z,99.0
2024-03-20T13:45:43Z,96.0
2024-03-20T13:45:48Z,94.0
2024-03-20T13:45:53Z,93.0
2024-03-20T13:46:03Z,92.0
2024-03-20T13:46:08Z,88.0
2024-03-20T13:46:13Z,86.0
2024-03-20T13:46:18Z,87.0
2024-03-20T13:46:23Z,88.0
2024-03-20T13:46:28Z,87.0
2024-03-20T13:46:33Z,84.0
2024-03-20T13:46:38Z,82.0
2024-03-20T13:46:43Z,79.0
2024-03-20T13:46:48Z,78.0
2024-03-20T13:46:58Z,83.0
2024-03-20T13:47:03Z,84.0
2024-03-20T13:47:13Z,83.0
2024-03-20T13:47:18Z,82.0
2024-03-20T13:47:23Z,80.0
2024-03-20T13:47:28Z,78.0
2024-03-20T13:47:33Z,79.0
2024-03-20T13:47:43Z,78.0
2024-03-20T13:47:48Z,80.0
2024-03-20T13:47:58Z,81.0
2024-03-20T13:48:03Z,81.0
2024-03-20T13:48:08Z,82.0
2024-03-20T13:48:18Z,81.0
2024-03-20T13:48:23Z,80.0
2024-03-20T13:48:38Z,81.0
2024-03-20T13:48:43Z,83.0
2024-03-20T13:48:48Z,81.0
2024-03-20T13:48:53Z,79.0
2024-03-20T13:48:58Z,75.0
2024-03-20T13:49:03Z,72.0
2024-03-20T13:49:13Z,74.0
2024-03-20T13:49:23Z,76.0
2024-03-20T13:49:28Z,77.0
2024-03-20T13:49:33Z,79.0
2024-03-20T13:49:38Z,77.0
2024-03-20T13:49:43Z,76.0
2024-03-20T13:49:48Z,75.0
2024-03-20T13:49:53Z,74.0
2024-03-20T13:50:03Z,76.0
2024-03-20T13:50:08Z,81.0
2024-03-20T13:50:13Z,80.0
2024-03-20T13:50:18Z,73.0
2024-03-20T13:50:23Z,72.0
2024-03-20T13:50:33Z,74.0
2024-03-20T13:50:38Z,76.0
2024-03-20T13:50:43Z,77.0
2024-03-20T13:50:48Z,78.0
2024-03-20T13:50:53Z,78.0
2024-03-20T13:51:08Z,78.0
2024-03-20T13:51:13Z,81.0
2024-03-20T13:51:18Z,86.0
2024-03-20T13:51:23Z,88.0
2024-03-20T13:51:28Z,83.0
2024-03-20T13:51:33Z,79.0
2024-03-20T13:51:38Z,75.0
2024-03-20T13:51:53Z,75.0
2024-03-20T13:51:58Z,74.0
2024-03-20T13:52:03Z,75.0
2024-03-20T13:52:08Z,78.0
2024-03-20T13:52:13Z,79.0
2024-03-20T13:52:18Z,76.0
2024-03-20T13:52:23Z,74.0
2024-03-20T13:52:28Z,73.0
2024-03-20T13:52:43Z,74.0
2024-03-20T13:52:48Z,75.0
2024-03-20T13:52:58Z,77.0
2024-03-20T13:53:03Z,81.0
2024-03-20T13:53:08Z,84.0
2024-03-20T13:53:13Z,80.0
2024-03-20T13:53:18Z,74.0
2024-03-20T13:53:23Z,73.0
2024-03-20T13:53:28Z,75.0
2024-03-20T13:53:33Z,76.0
2024-03-20T13:53:38Z,77.0
2024-03-20T13:53:43Z,79.0
2024-03-20T13:53:48Z,81.0
2024-03-20T13:53:53Z,78.0
2024-03-20T13:53:58Z,80.0
2024-03-20T13:54:03Z,82.0
2024-03-20T13:54:08Z,76.0
2024-03-20T13:54:13Z,75.0
2024-03-20T13:54:18Z,74.0
2024-03-20T13:54:28Z,75.0
2024-03-20T13:54:38Z,77.0
2024-03-20T13:54:43Z,75.0
2024-03-20T13:54:58Z,75.0
2024-03-20T13:55:03Z,76.0
2024-03-20T13:55:08Z,77.0
2024-03-20T13:55:13Z,78.0
2024-03-20T13:55:18Z,80.0
2024-03-20T13:55:23Z,79.0
2024-03-20T13:55:28Z,78.0
2024-03-20T13:55:38Z,79.0
2024-03-20T13:55:43Z,78.0
2024-03-20T13:55:53Z,77.0
2024-03-20T13:55:58Z,78.0
2024-03-20T13:56:03Z,80.0
2024-03-20T13:56:08Z,82.0
2024-03-20T13:56:13Z,92.0
2024-03-20T13:56:18Z,97.0
2024-03-20T13:56:23Z,97.0
2024-03-20T13:56:28Z,99.0
2024-03-20T13:56:33Z,104.0
2024-03-20T13:56:38Z,108.0
2024-03-20T13:56:48Z,111.0
2024-03-20T13:56:53Z,107.0
2024-03-20T13:56:58Z,107.0
2024-03-20T13:57:03Z,109.0
2024-03-20T13:57:08Z,110.0
2024-03-20T13:57:13Z,108.0
2024-03-20T13:57:18Z,107.0
2024-03-20T13:57:23Z,110.0
2024-03-20T13:57:28Z,114.0
2024-03-20T13:57:33Z,116.0
2024-03-20T13:57:38Z,114.0
2024-03-20T13:57:43Z,112.0
2024-03-20T13:57:48Z,113.0
2024-03-20T13:57:53Z,112.0
2024-03-20T13:57:58Z,114.0
2024-03-20T13:58:03Z,113.0
2024-03-20T13:58:08Z,112.0
2024-03-20T13:58:13Z,107.0
2024-03-20T13:58:19Z,101.0
2024-03-20T13:58:24Z,100.0
2024-03-20T13:58:29Z,106.0
2024-03-20T13:58:34Z,105.0
2024-03-20T13:58:39Z,100.0
2024-03-20T13:58:44Z,97.0
2024-03-20T13:58:49Z,91.0
2024-03-20T13:58:54Z,87.0
2024-03-20T13:58:59Z,88.0
2024-03-20T13:59:09Z,89.0
2024-03-20T13:59:19Z,91.0
2024-03-20T13:59:24Z,93.0
2024-03-20T13:59:29Z,92.0
2024-03-20T13:59:34Z,90.0
2024-03-20T13:59:39Z,94.0
2024-03-20T13:59:49Z,92.0
2024-03-20T14:00:04Z,92.0
2024-03-20T14:00:14Z,90.0
2024-03-20T14:00:24Z,89.0
2024-03-20T14:00:29Z,87.0
2024-03-20T14:00:44Z,87.0
2024-03-20T14:00:49Z,84.0
2024-03-20T14:00:54Z,85.0
2024-03-20T14:00:59Z,86.0
2024-03-20T14:01:04Z,89.0
2024-03-20T14:01:09Z,92.0
2024-03-20T14:01:14Z,96.0
2024-03-20T14:01:19Z,98.0
2024-03-20T14:01:24Z,97.0
2024-03-20T14:01:39Z,97.0
2024-03-20T14:01:44Z,95.0
2024-03-20T14:01:49Z,92.0
2024-03-20T14:01:54Z,89.0
2024-03-20T14:01:59Z,88.0
2024-03-20T14:02:04Z,91.0
2024-03-20T14:02:09Z,96.0
2024-03-20T14:02:14Z,94.0
2024-03-20T14:02:19Z,90.0
2024-03-20T14:02:24Z,91.0
2024-03-20T14:02:29Z,90.0
2024-03-20T14:02:34Z,87.0
2024-03-20T14:02:39Z,84.0
2024-03-20T14:02:44Z,85.0
2024-03-20T14:02:59Z,86.0
2024-03-20T14:03:04Z,87.0
2024-03-20T14:03:09Z,88.0
2024-03-20T14:03:14Z,90.0
2024-03-20T14:03:19Z,92.0
2024-03-20T14:03:34Z,93.0
2024-03-20T14:03:39Z,92.0
2024-03-20T14:03:44Z,93.0
2024-03-20T14:03:49Z,92.0
2024-03-20T14:03:54Z,95.0
2024-03-20T14:03:59Z,93.0
2024-03-20T14:04:04Z,90.0
2024-03-20T14:04:09Z,89.0
2024-03-20T14:04:14Z,88.0
2024-03-20T14:04:19Z,87.0
2024-03-20T14:04:29Z,89.0
2024-03-20T14:04:34Z,92.0
2024-03-20T14:04:39Z,96.0
2024-03-20T14:04:44Z,99.0
2024-03-20T14:04:49Z,106.0
2024-03-20T14:04:54Z,108.0
2024-03-20T14:05:04Z,107.0
2024-03-20T14:05:09Z,103.0
2024-03-20T14:05:24Z,103.0
2024-03-20T14:05:29Z,100.0
2024-03-20T14:05:39Z,101.0
2024-03-20T14:05:44Z,105.0
2024-03-20T14:05:49Z,106.0
2024-03-20T14:05:54Z,99.0
2024-03-20T14:05:59Z,98.0
2024-03-20T14:06:04Z,95.0
2024-03-20T14:06:09Z,92.0
2024-03-20T14:06:14Z,94.0
2024-03-20T14:06:19Z,97.0
2024-03-20T14:06:24Z,98.0
2024-03-20T14:06:29Z,102.0
2024-03-20T14:06:34Z,106.0
2024-03-20T14:06:44Z,105.0
2024-03-20T14:06:49Z,104.0
2024-03-20T14:06:54Z,103.0
2024-03-20T14:06:59Z,100.0
2024-03-20T14:07:04Z,97.0
2024-03-20T14:07:09Z,96.0
2024-03-20T14:07:14Z,94.0
2024-03-20T14:07:24Z,91.0
2024-03-20T14:07:29Z,89.0
2024-03-20T14:07:34Z,91.0
2024-03-20T14:07:39Z,92.0
2024-03-20T14:07:44Z,90.0
2024-03-20T14:07:49Z,87.0
2024-03-20T14:07:54Z,88.0
2024-03-20T14:07:59Z,84.0
2024-03-20T14:08:04Z,87.0
2024-03-20T14:08:09Z,86.0
2024-03-20T14:08:14Z,87.0
2024-03-20T14:08:19Z,86.0
2024-03-20T14:08:24Z,89.0
2024-03-20T14:08:34Z,91.0
2024-03-20T14:08:44Z,86.0
2024-03-20T14:08:49Z,83.0
2024-03-20T14:08:54Z,84.0
2024-03-20T14:08:59Z,87.0
2024-03-20T14:09:14Z,87.0
2024-03-20T14:09:19Z,84.0
2024-03-20T14:09:24Z,86.0
2024-03-20T14:09:29Z,84.0
2024-03-20T14:09:34Z,83.0
2024-03-20T14:09:44Z,82.0
2024-03-20T14:09:49Z,77.0
2024-03-20T14:09:54Z,78.0
2024-03-20T14:10:04Z,81.0
2024-03-20T14:10:09Z,88.0
2024-03-20T14:10:14Z,99.0
2024-03-20T14:10:19Z,93.0
2024-03-20T14:10:24Z,89.0
2024-03-20T14:10:29Z,87.0
2024-03-20T14:10:34Z,90.0
2024-03-20T14:10:39Z,94.0
2024-03-20T14:10:44Z,91.0
2024-03-20T14:10:54Z,94.0
2024-03-20T14:10:59Z,96.0
2024-03-20T14:11:04Z,95.0
2024-03-20T14:11:09Z,94.0
2024-03-20T14:11:14Z,92.0
2024-03-20T14:11:19Z,93.0
2024-03-20T14:11:29Z,91.0
2024-03-20T14:11:34Z,88.0
2024-03-20T14:11:39Z,90.0
2024-03-20T14:11:44Z,89.0
2024-03-20T14:11:49Z,90.0
2024-03-20T14:11:59Z,83.0
2024-03-20T14:12:04Z,83.0
2024-03-20T14:12:09Z,82.0
2024-03-20T14:12:14Z,81.0
2024-03-20T14:12:19Z,80.0
2024-03-20T14:12:29Z,79.0
2024-03-20T14:12:39Z,78.0
2024-03-20T14:12:44Z,77.0
2024-03-20T14:12:49Z,76.0
2024-03-20T14:12:54Z,80.0
2024-03-20T14:12:59Z,88.0
2024-03-20T14:13:04Z,90.0
2024-03-20T14:13:09Z,89.0
2024-03-20T14:13:14Z,86.0
2024-03-20T14:13:19Z,84.0
2024-03-20T14:13:24Z,83.0
2024-03-20T14:13:29Z,82.0
2024-03-20T14:13:34Z,81.0
2024-03-20T14:13:39Z,83.0
2024-03-20T14:13:44Z,89.0
2024-03-20T14:13:49Z,96.0
2024-03-20T14:13:54Z,99.0
2024-03-20T14:13:59Z,96.0
2024-03-20T14:14:04Z,89.0
2024-03-20T14:14:09Z,88.0
2024-03-20T14:14:14Z,87.0
2024-03-20T14:14:19Z,85.0
2024-03-20T14:14:24Z,83.0
2024-03-20T14:14:29Z,85.0
2024-03-20T14:14:39Z,83.0
2024-03-20T14:14:44Z,80.0
2024-03-20T14:14:49Z,78.0
2024-03-20T14:14:54Z,79.0
2024-03-20T14:15:04Z,81.0
2024-03-20T14:15:09Z,84.0
2024-03-20T14:15:14Z,86.0
2024-03-20T14:15:19Z,88.0
2024-03-20T14:15:24Z,89.0
2024-03-20T14:15:29Z,86.0
2024-03-20T14:15:34Z,83.0
2024-03-20T14:15:44Z,82.0
2024-03-20T14:15:49Z,81.0
2024-03-20T14:15:54Z,82.0
2024-03-20T14:15:59Z,83.0
2024-03-20T14:16:09Z,86.0
2024-03-20T14:16:24Z,87.0
2024-03-20T14:16:29Z,88.0
2024-03-20T14:16:39Z,86.0
2024-03-20T14:16:44Z,88.0
2024-03-20T14:16:49Z,86.0
2024-03-20T14:16:54Z,85.0
2024-03-20T14:16:59Z,86.0
2024-03-20T14:17:04Z,87.0
2024-03-20T14:17:09Z,90.0
2024-03-20T14:17:14Z,83.0
2024-03-20T14:17:19Z,86.0
2024-03-20T14:17:24Z,88.0
2024-03-20T14:17:29Z,90.0
2024-03-20T14:17:34Z,92.0
2024-03-20T14:17:39Z,93.0
2024-03-20T14:17:44Z,95.0
2024-03-20T14:17:49Z,97.0
2024-03-20T14:17:54Z,99.0
2024-03-20T14:17:59Z,97.0
2024-03-20T14:18:04Z,96.0
2024-03-20T14:18:19Z,99.0
2024-03-20T14:18:24Z,101.0
2024-03-20T14:18:29Z,98.0
2024-03-20T14:18:34Z,96.0
2024-03-20T14:18:39Z,95.0
2024-03-20T14:18:44Z,95.0
2024-03-20T14:18:49Z,90.0
2024-03-20T14:18:54Z,87.0
2024-03-20T14:18:59Z,88.0
2024-03-20T14:19:04Z,91.0
2024-03-20T14:19:09Z,92.0
2024-03-20T14:19:19Z,93.0
2024-03-20T14:19:34Z,93.0
2024-03-20T14:19:39Z,95.0
2024-03-20T14:19:44Z,94.0
2024-03-20T14:19:49Z,95.0
2024-03-20T14:19:54Z,94.0
2024-03-20T14:19:59Z,95.0
2024-03-20T14:20:09Z,96.0
2024-03-20T14:20:14Z,98.0
2024-03-20T14:20:19Z,93.0
2024-03-20T14:20:24Z,87.0
2024-03-20T14:20:29Z,86.0
2024-03-20T14:20:34Z,85.0
2024-03-20T14:20:39Z,83.0
2024-03-20T14:20:44Z,82.0
2024-03-20T14:20:49Z,85.0
2024-03-20T14:20:54Z,88.0
2024-03-20T14:21:04Z,86.0
2024-03-20T14:21:09Z,85.0
2024-03-20T14:21:14Z,84.0
2024-03-20T14:21:19Z,82.0
2024-03-20T14:21:24Z,81.0
2024-03-20T14:21:29Z,82.0
2024-03-20T14:21:34Z,85.0
2024-03-20T14:21:39Z,86.0
2024-03-20T14:21:44Z,83.0
2024-03-20T14:21:49Z,82.0
2024-03-20T14:21:54Z,84.0
2024-03-20T14:21:59Z,86.0
2024-03-20T14:22:04Z,84.0
2024-03-20T14:22:09Z,82.0
2024-03-20T14:22:14Z,85.0
2024-03-20T14:22:19Z,86.0
2024-03-20T14:22:24Z,92.0
2024-03-20T14:22:29Z,95.0
2024-03-20T14:22:34Z,90.0
2024-03-20T14:22:44Z,93.0
2024-03-20T14:22:49Z,94.0
2024-03-20T14:22:54Z,91.0
2024-03-20T14:22:59Z,90.0
2024-03-20T14:23:04Z,89.0
2024-03-20T14:23:09Z,87.0
2024-03-20T14:23:14Z,86.0
2024-03-20T14:23:19Z,87.0
2024-03-20T14:23:24Z,86.0
2024-03-20T14:23:39Z,86.0
2024-03-20T14:23:44Z,84.0
2024-03-20T14:23:49Z,83.0
2024-03-20T14:23:54Z,85.0
2024-03-20T14:23:59Z,86.0
2024-03-20T14:24:04Z,87.0
2024-03-20T14:24:09Z,89.0
2024-03-20T14:24:14Z,87.0
2024-03-20T14:24:19Z,82.0
2024-03-20T14:24:24Z,83.0
2024-03-20T14:24:29Z,82.0
2024-03-20T14:24:34Z,85.0
2024-03-20T14:24:39Z,87.0
2024-03-20T14:24:44Z,89.0
2024-03-20T14:24:49Z,88.0
2024-03-20T14:24:54Z,87.0
2024-03-20T14:25:04Z,89.0
2024-03-20T14:25:09Z,86.0
2024-03-20T14:25:14Z,87.0
2024-03-20T14:25:19Z,92.0
2024-03-20T14:25:24Z,97.0
2024-03-20T14:25:29Z,98.0
2024-03-20T14:25:34Z,95.0
2024-03-20T14:25:39Z,98.0
2024-03-20T14:25:44Z,100.0
2024-03-20T14:25:49Z,96.0
2024-03-20T14:25:54Z,97.0
2024-03-20T14:25:59Z,96.0
2024-03-20T14:26:04Z,93.0
2024-03-20T14:26:19Z,93.0
2024-03-20T14:26:29Z,91.0
2024-03-20T14:26:34Z,92.0
2024-03-20T14:26:39Z,91.0
2024-03-20T14:26:44Z,90.0
2024-03-20T14:26:54Z,84.0
2024-03-20T14:26:59Z,83.0
2024-03-20T14:27:04Z,82.0
2024-03-20T14:27:19Z,86.0
2024-03-20T14:27:24Z,84.0
2024-03-20T14:27:29Z,82.0
2024-03-20T14:27:34Z,84.0
2024-03-20T14:27:39Z,85.0
2024-03-20T14:27:44Z,83.0
2024-03-20T14:27:49Z,81.0
2024-03-20T14:27:59Z,83.0
2024-03-20T14:28:04Z,80.0
2024-03-20T14:28:09Z,78.0
2024-03-20T14:28:14Z,77.0
2024-03-20T14:28:19Z,76.0
2024-03-20T14:28:24Z,78.0
2024-03-20T14:28:29Z,82.0
2024-03-20T14:28:39Z,83.0
2024-03-20T14:28:44Z,86.0
2024-03-20T14:28:49Z,85.0
2024-03-20T14:28:54Z,83.0
2024-03-20T14:28:59Z,84.0
2024-03-20T14:29:04Z,89.0
2024-03-20T14:29:09Z,94.0
2024-03-20T14:29:14Z,95.0
2024-03-20T14:29:19Z,90.0
2024-03-20T14:29:24Z,89.0
2024-03-20T14:29:29Z,90.0
2024-03-20T14:29:34Z,92.0
2024-03-20T14:29:39Z,89.0
2024-03-20T14:29:44Z,90.0
2024-03-20T14:29:49Z,92.0
2024-03-20T14:29:59Z,91.0
2024-03-20T14:30:04Z,89.0
2024-03-20T14:30:09Z,88.0
2024-03-20T14:30:14Z,89.0
2024-03-20T14:30:19Z,88.0
2024-03-20T14:30:24Z,86.0
2024-03-20T14:30:34Z,84.0
2024-03-20T14:30:39Z,83.0
2024-03-20T14:30:44Z,82.0
2024-03-20T14:30:49Z,80.0
2024-03-20T14:31:04Z,82.0
2024-03-20T14:31:09Z,85.0
2024-03-20T14:31:14Z,84.0
2024-03-20T14:31:19Z,81.0
2024-03-20T14:31:24Z,80.0
2024-03-20T14:31:29Z,79.0
2024-03-20T14:31:34Z,81.0
2024-03-20T14:31:39Z,82.0
2024-03-20T14:31:44Z,84.0
2024-03-20T14:31:54Z,85.0
2024-03-20T14:31:59Z,88.0
2024-03-20T14:32:04Z,90.0
2024-03-20T14:32:09Z,92.0
2024-03-20T14:32:14Z,94.0
2024-03-20T14:32:19Z,92.0
2024-03-20T14:32:24Z,90.0
2024-03-20T14:32:29Z,86.0
2024-03-20T14:32:34Z,89.0
2024-03-20T14:32:39Z,92.0
2024-03-20T14:32:44Z,91.0
2024-03-20T14:32:49Z,85.0
2024-03-20T14:32:54Z,82.0
2024-03-20T14:33:04Z,83.0
2024-03-20T14:33:09Z,84.0
2024-03-20T14:33:14Z,86.0
2024-03-20T14:33:19Z,90.0
2024-03-20T14:33:24Z,91.0
2024-03-20T14:33:34Z,90.0
2024-03-20T14:33:39Z,91.0
2024-03-20T14:33:44Z,92.0
2024-03-20T14:33:49Z,88.0
2024-03-20T14:33:54Z,85.0
2024-03-20T14:33:59Z,88.0
2024-03-20T14:34:04Z,93.0
2024-03-20T14:34:09Z,98.0
2024-03-20T14:34:14Z,93.0
2024-03-20T14:34:19Z,90.0
2024-03-20T14:34:24Z,92.0
2024-03-20T14:34:29Z,95.0
2024-03-20T14:34:34Z,93.0
2024-03-20T14:34:39Z,88.0
2024-03-20T14:34:44Z,87.0
2024-03-20T14:34:49Z,88.0
2024-03-20T14:34:54Z,92.0
2024-03-20T14:35:04Z,94.0
2024-03-20T14:35:09Z,90.0
2024-03-20T14:35:14Z,88.0
2024-03-20T14:35:19Z,93.0
2024-03-20T14:35:24Z,94.0
2024-03-20T14:35:29Z,88.0
2024-03-20T14:35:34Z,84.0
2024-03-20T14:35:44Z,88.0
2024-03-20T14:35:49Z,92.0
2024-03-20T14:35:54Z,89.0
2024-03-20T14:35:59Z,83.0
2024-03-20T14:36:04Z,82.0
2024-03-20T14:36:09Z,84.0
2024-03-20T14:36:14Z,86.0
2024-03-20T14:36:19Z,85.0
2024-03-20T14:36:24Z,83.0
2024-03-20T14:36:29Z,82.0
2024-03-20T14:36:34Z,81.0
2024-03-20T14:36:39Z,80.0
2024-03-20T14:36:44Z,83.0
2024-03-20T14:36:49Z,85.0
2024-03-20T14:36:54Z,87.0
2024-03-20T14:36:59Z,89.0
2024-03-20T14:37:04Z,88.0
2024-03-20T14:37:09Z,86.0
2024-03-20T14:37:19Z,89.0
2024-03-20T14:37:24Z,92.0
2024-03-20T14:37:39Z,97.0
2024-03-20T14:37:44Z,96.0
2024-03-20T14:37:49Z,94.0
2024-03-20T14:37:54Z,96.0
2024-03-20T14:37:59Z,95.0
2024-03-20T14:38:04Z,88.0
2024-03-20T14:38:09Z,89.0
2024-03-20T14:38:14Z,86.0
2024-03-20T14:38:19Z,83.0
2024-03-20T14:38:24Z,80.0
2024-03-20T14:38:29Z,81.0
2024-03-20T14:38:39Z,80.0
2024-03-20T14:38:44Z,79.0
2024-03-20T14:38:49Z,77.0
2024-03-20T14:38:54Z,74.0
2024-03-20T14:38:59Z,75.0
2024-03-20T14:39:04Z,78.0
2024-03-20T14:39:09Z,80.0
2024-03-20T14:39:14Z,84.0
2024-03-20T14:39:19Z,85.0
2024-03-20T14:39:29Z,82.0
2024-03-20T14:39:34Z,83.0
2024-03-20T14:39:39Z,85.0
2024-03-20T14:39:44Z,86.0
2024-03-20T14:39:49Z,83.0
2024-03-20T14:39:54Z,82.0
2024-03-20T14:39:59Z,80.0
2024-03-20T14:40:04Z,81.0
2024-03-20T14:40:09Z,84.0
2024-03-20T14:40:14Z,84.0
2024-03-20T14:40:19Z,83.0
2024-03-20T14:40:24Z,84.0
2024-03-20T14:40:29Z,85.0
2024-03-20T14:40:39Z,86.0
2024-03-20T14:40:44Z,90.0
2024-03-20T14:40:49Z,94.0
2024-03-20T14:40:54Z,95.0
2024-03-20T14:40:59Z,94.0
2024-03-20T14:41:09Z,95.0
2024-03-20T14:41:14Z,96.0
2024-03-20T14:41:19Z,89.0
2024-03-20T14:41:24Z,87.0
2024-03-20T14:41:29Z,86.0
2024-03-20T14:41:34Z,85.0
2024-03-20T14:41:39Z,86.0
2024-03-20T14:41:44Z,88.0
2024-03-20T14:41:49Z,86.0
2024-03-20T14:41:54Z,85.0
2024-03-20T14:41:59Z,86.0
2024-03-20T14:42:04Z,87.0
2024-03-20T14:42:09Z,88.0
2024-03-20T14:42:14Z,90.0
2024-03-20T14:42:19Z,93.0
2024-03-20T14:42:24Z,94.0
2024-03-20T14:42:34Z,96.0
2024-03-20T14:42:39Z,94.0
2024-03-20T14:42:44Z,94.0
2024-03-20T14:42:49Z,95.0
2024-03-20T14:42:59Z,93.0
2024-03-20T14:43:04Z,96.0
2024-03-20T14:43:09Z,97.0
2024-03-20T14:43:14Z,98.0
2024-03-20T14:43:29Z,97.0
2024-03-20T14:43:34Z,98.0
2024-03-20T14:43:39Z,95.0
2024-03-20T14:43:44Z,96.0
2024-03-20T14:43:49Z,87.0
2024-03-20T14:43:54Z,86.0
2024-03-20T14:43:59Z,87.0
2024-03-20T14:44:04Z,88.0
2024-03-20T14:44:09Z,92.0
2024-03-20T14:44:14Z,93.0
2024-03-20T14:44:19Z,90.0
2024-03-20T14:44:24Z,93.0
2024-03-20T14:44:29Z,94.0
2024-03-20T14:44:34Z,100.0
2024-03-20T14:44:44Z,98.0
2024-03-20T14:44:49Z,97.0
2024-03-20T14:44:54Z,96.0
2024-03-20T14:44:59Z,97.0
2024-03-20T14:45:04Z,92.0
2024-03-20T14:45:09Z,88.0
2024-03-20T14:45:14Z,87.0
2024-03-20T14:45:19Z,86.0
2024-03-20T14:45:24Z,88.0
2024-03-20T14:45:29Z,86.0
2024-03-20T14:45:34Z,85.0
2024-03-20T14:45:44Z,84.0
2024-03-20T14:45:49Z,82.0
2024-03-20T14:46:04Z,82.0
2024-03-20T14:46:09Z,83.0
2024-03-20T14:46:14Z,84.0
2024-03-20T14:46:19Z,85.0
2024-03-20T14:46:29Z,88.0
2024-03-20T14:46:39Z,89.0
2024-03-20T14:46:44Z,87.0
2024-03-20T14:46:54Z,88.0
2024-03-20T14:47:04Z,86.0
2024-03-20T14:47:09Z,87.0
2024-03-20T14:47:14Z,89.0
2024-03-20T14:47:19Z,90.0
2024-03-20T14:47:29Z,89.0
2024-03-20T14:47:34Z,90.0
2024-03-20T14:47:39Z,91.0
2024-03-20T14:47:44Z,95.0
2024-03-20T14:47:49Z,94.0
2024-03-20T14:47:54Z,92.0
2024-03-20T14:47:59Z,88.0
2024-03-20T14:48:04Z,86.0
2024-03-20T14:48:09Z,85.0
2024-03-20T14:48:19Z,87.0
2024-03-20T14:48:24Z,85.0
2024-03-20T14:48:34Z,87.0
2024-03-20T14:48:39Z,88.0
2024-03-20T14:48:44Z,87.0
2024-03-20T14:48:49Z,90.0
2024-03-20T14:48:54Z,91.0
2024-03-20T14:49:09Z,88.0
2024-03-20T14:49:14Z,87.0
2024-03-20T14:49:29Z,86.0
2024-03-20T14:49:34Z,88.0
2024-03-20T14:49:44Z,86.0
2024-03-20T14:49:59Z,86.0
2024-03-20T14:50:04Z,87.0
2024-03-20T14:50:09Z,88.0
2024-03-20T14:50:14Z,87.0
2024-03-20T14:50:19Z,89.0
2024-03-20T14:50:24Z,92.0
2024-03-20T14:50:34Z,90.0
2024-03-20T14:50:44Z,92.0
2024-03-20T14:50:49Z,93.0
2024-03-20T14:50:59Z,91.0
2024-03-20T14:51:09Z,90.0
2024-03-20T14:51:14Z,88.0
2024-03-20T14:51:19Z,87.0
2024-03-20T14:51:24Z,89.0
2024-03-20T14:51:29Z,89.0
2024-03-20T14:51:39Z,87.0
2024-03-20T14:51:49Z,88.0
2024-03-20T14:51:54Z,92.0
2024-03-20T14:51:59Z,89.0
2024-03-20T14:52:04Z,88.0
2024-03-20T14:52:09Z,86.0
2024-03-20T14:52:14Z,82.0
2024-03-20T14:52:24Z,83.0
2024-03-20T14:52:29Z,84.0
2024-03-20T14:52:34Z,86.0
2024-03-20T14:52:39Z,85.0
2024-03-20T14:52:44Z,90.0
2024-03-20T14:52:49Z,93.0
2024-03-20T14:52:54Z,90.0
2024-03-20T14:52:59Z,88.0
2024-03-20T14:53:04Z,87.0
2024-03-20T14:53:09Z,85.0
2024-03-20T14:53:14Z,84.0
2024-03-20T14:53:19Z,85.0
2024-03-20T14:53:24Z,84.0
2024-03-20T14:53:29Z,81.0
2024-03-20T14:53:39Z,79.0
2024-03-20T14:53:44Z,80.0
2024-03-20T14:53:49Z,81.0
2024-03-20T14:53:54Z,79.0
2024-03-20T14:53:59Z,78.0
2024-03-20T14:54:04Z,77.0
2024-03-20T14:54:14Z,81.0
2024-03-20T14:54:19Z,80.0
2024-03-20T14:54:24Z,81.0
2024-03-20T14:54:34Z,80.0
2024-03-20T14:54:39Z,83.0
2024-03-20T14:54:44Z,80.0
2024-03-20T14:54:49Z,79.0
2024-03-20T14:54:59Z,80.0
2024-03-20T14:55:04Z,81.0
2024-03-20T14:55:14Z,87.0
2024-03-20T14:55:19Z,91.0
2024-03-20T14:55:24Z,81.0
2024-03-20T14:55:29Z,80.0
2024-03-20T14:55:34Z,82.0
2024-03-20T14:55:39Z,84.0
2024-03-20T14:55:44Z,85.0
2024-03-20T14:55:49Z,84.0
2024-03-20T14:55:54Z,82.0
2024-03-20T14:55:59Z,80.0
2024-03-20T14:56:04Z,79.0
2024-03-20T14:56:14Z,81.0
2024-03-20T14:56:19Z,82.0
2024-03-20T14:56:24Z,85.0
2024-03-20T14:56:29Z,82.0
2024-03-20T14:56:34Z,81.0
2024-03-20T14:56:39Z,81.0
2024-03-20T14:56:44Z,79.0
2024-03-20T14:56:54Z,80.0
2024-03-20T14:57:09Z,81.0
2024-03-20T14:57:14Z,86.0
2024-03-20T14:57:19Z,84.0
2024-03-20T14:57:24Z,83.0
2024-03-20T14:57:29Z,82.0
2024-03-20T14:57:34Z,77.0
2024-03-20T14:57:39Z,75.0
2024-03-20T14:57:44Z,73.0
2024-03-20T14:57:49Z,72.0
2024-03-20T14:57:59Z,74.0
2024-03-20T14:58:04Z,77.0
2024-03-20T14:58:09Z,79.0
2024-03-20T14:58:14Z,82.0
2024-03-20T14:58:19Z,83.0
2024-03-20T14:58:24Z,82.0
2024-03-20T14:58:29Z,81.0
2024-03-20T14:58:34Z,82.0
2024-03-20T14:58:44Z,81.0
2024-03-20T14:58:49Z,78.0
2024-03-20T14:58:54Z,81.0
2024-03-20T14:58:59Z,87.0
2024-03-20T14:59:04Z,86.0
2024-03-20T14:59:09Z,85.0
2024-03-20T14:59:14Z,82.0
2024-03-20T14:59:19Z,81.0
2024-03-20T14:59:24Z,83.0
2024-03-20T14:59:29Z,89.0
2024-03-20T14:59:34Z,91.0
2024-03-20T14:59:39Z,85.0
2024-03-20T14:59:44Z,83.0
2024-03-20T14:59:49Z,82.0
2024-03-20T14:59:54Z,84.0
2024-03-20T14:59:59Z,83.0
2024-03-20T15:00:04Z,79.0
2024-03-20T15:00:14Z,82.0
2024-03-20T15:00:24Z,84.0
2024-03-20T15:00:29Z,86.0
2024-03-20T15:00:34Z,88.0
2024-03-20T15:00:39Z,91.0
2024-03-20T15:00:44Z,93.0
2024-03-20T15:00:49Z,92.0
2024-03-20T15:00:54Z,90.0
2024-03-20T15:01:04Z,95.0
2024-03-20T15:04:27Z,59.0
2024-03-20T15:04:32Z,94.0
2024-03-20T15:04:37Z,95.0
2024-03-20T15:04:42Z,98.0
2024-03-20T15:04:47Z,96.0
2024-03-20T15:04:52Z,98.0
2024-03-20T15:04:57Z,100.0
2024-03-20T15:05:02Z,99.0
2024-03-20T15:05:12Z,102.0
2024-03-20T15:05:17Z,100.0
2024-03-20T15:05:22Z,103.0
2024-03-20T15:05:27Z,101.0
2024-03-20T15:05:32Z,99.0
2024-03-20T15:05:47Z,100.0
2024-03-20T15:05:52Z,98.0
2024-03-20T15:05:57Z,94.0
2024-03-20T15:06:07Z,90.0
2024-03-20T15:06:12Z,88.0
2024-03-20T15:06:17Z,89.0
2024-03-20T15:06:22Z,91.0
2024-03-20T15:06:27Z,90.0
2024-03-20T15:06:32Z,87.0
2024-03-20T15:06:37Z,90.0
2024-03-20T15:06:47Z,91.0
2024-03-20T15:07:02Z,88.0
2024-03-20T15:07:07Z,90.0
2024-03-20T15:07:12Z,89.0
2024-03-20T15:07:17Z,91.0
2024-03-20T15:07:32Z,91.0
2024-03-20T15:07:37Z,89.0
2024-03-20T15:07:42Z,93.0
2024-03-20T15:07:47Z,94.0
2024-03-20T15:07:52Z,90.0
2024-03-20T15:07:57Z,91.0
2024-03-20T15:08:02Z,90.0
2024-03-20T15:08:07Z,92.0
2024-03-20T15:08:12Z,89.0
2024-03-20T15:08:17Z,91.0
2024-03-20T15:08:22Z,92.0
2024-03-20T15:08:27Z,90.0
2024-03-20T15:08:32Z,89.0
2024-03-20T15:08:37Z,91.0
2024-03-20T15:08:42Z,89.0
2024-03-20T15:09:03Z,90.0
2024-03-20T15:09:08Z,92.0
2024-03-20T15:09:23Z,91.0
2024-03-20T15:09:28Z,92.0
2024-03-20T15:09:38Z,94.0
2024-03-20T15:09:43Z,95.0
2024-03-20T15:09:48Z,93.0
2024-03-20T15:10:03Z,90.0
2024-03-20T15:10:13Z,89.0
2024-03-20T15:10:18Z,87.0
2024-03-20T15:10:23Z,86.0
2024-03-20T15:10:28Z,87.0
2024-03-20T15:10:33Z,88.0
2024-03-20T15:10:38Z,90.0
2024-03-20T15:10:43Z,88.0
2024-03-20T15:10:48Z,89.0
2024-03-20T15:10:53Z,88.0
2024-03-20T15:11:03Z,87.0
2024-03-20T15:11:08Z,86.0
2024-03-20T15:11:18Z,87.0
2024-03-20T15:11:23Z,86.0
2024-03-20T15:11:38Z,85.0
2024-03-20T15:11:48Z,83.0
2024-03-20T15:11:58Z,85.0
2024-03-20T15:12:08Z,84.0
2024-03-20T15:12:13Z,87.0
2024-03-20T15:12:23Z,85.0
2024-03-20T15:12:28Z,86.0
2024-03-20T15:12:38Z,85.0
2024-03-20T15:12:43Z,87.0
2024-03-20T15:12:48Z,89.0
2024-03-20T15:12:58Z,90.0
2024-03-20T15:13:03Z,92.0
2024-03-20T15:13:08Z,91.0
2024-03-20T15:13:13Z,90.0
2024-03-20T15:13:23Z,92.0
2024-03-20T15:13:28Z,90.0
2024-03-20T15:13:33Z,83.0
2024-03-20T15:13:38Z,82.0
2024-03-20T15:13:43Z,83.0
2024-03-20T15:13:48Z,82.0
2024-03-20T15:13:53Z,80.0
2024-03-20T15:13:58Z,77.0
2024-03-20T15:14:03Z,75.0
2024-03-20T15:14:08Z,72.0
2024-03-20T15:14:13Z,73.0
2024-03-20T15:14:18Z,74.0
2024-03-20T15:14:33Z,73.0
2024-03-20T15:14:38Z,74.0
2024-03-20T15:14:43Z,75.0
2024-03-20T15:14:48Z,76.0
2024-03-20T15:14:53Z,75.0
2024-03-20T15:15:08Z,75.0
2024-03-20T15:15:18Z,76.0
2024-03-20T15:15:23Z,76.0
2024-03-20T15:15:28Z,75.0
2024-03-20T15:15:33Z,74.0
2024-03-20T15:15:38Z,75.0
2024-03-20T15:15:48Z,74.0
2024-03-20T15:15:53Z,76.0
2024-03-20T15:15:58Z,78.0
2024-03-20T15:16:03Z,79.0
2024-03-20T15:16:08Z,78.0
2024-03-20T15:16:13Z,80.0
2024-03-20T15:16:18Z,82.0
2024-03-20T15:16:23Z,80.0
2024-03-20T15:16:33Z,79.0
2024-03-20T15:16:38Z,78.0
2024-03-20T15:16:43Z,84.0
2024-03-20T15:16:48Z,90.0
2024-03-20T15:16:58Z,86.0
2024-03-20T15:17:03Z,87.0
2024-03-20T15:17:08Z,86.0
2024-03-20T15:17:13Z,84.0
2024-03-20T15:17:18Z,82.0
2024-03-20T15:17:23Z,82.0
2024-03-20T15:17:28Z,83.0
2024-03-20T15:17:38Z,79.0
2024-03-20T15:17:43Z,78.0
2024-03-20T15:17:48Z,76.0
2024-03-20T15:17:58Z,74.0
2024-03-20T15:18:03Z,73.0
2024-03-20T15:18:08Z,71.0
2024-03-20T15:18:13Z,70.0
2024-03-20T15:18:18Z,73.0
2024-03-20T15:18:23Z,76.0
2024-03-20T15:18:33Z,78.0
2024-03-20T15:18:38Z,77.0
2024-03-20T15:18:43Z,75.0
2024-03-20T15:18:48Z,74.0
2024-03-20T15:18:53Z,76.0
2024-03-20T15:18:58Z,72.0
2024-03-20T15:19:03Z,69.0
2024-03-20T15:19:08Z,71.0
2024-03-20T15:19:13Z,74.0
2024-03-20T15:19:18Z,73.0
2024-03-20T15:19:28Z,76.0
2024-03-20T15:19:33Z,75.0
2024-03-20T15:19:38Z,76.0
2024-03-20T15:19:43Z,77.0
2024-03-20T15:19:48Z,79.0
2024-03-20T15:19:53Z,80.0
2024-03-20T15:19:59Z,80.0
2024-03-20T15:20:09Z,78.0
2024-03-20T15:20:14Z,77.0
2024-03-20T15:20:24Z,76.0
2024-03-20T15:20:29Z,75.0
2024-03-20T15:20:34Z,76.0
2024-03-20T15:20:39Z,79.0
2024-03-20T15:20:44Z,81.0
2024-03-20T15:20:49Z,83.0
2024-03-20T15:20:54Z,84.0
2024-03-20T15:20:59Z,81.0
2024-03-20T15:21:05Z,78.0
2024-03-20T15:21:10Z,77.0
2024-03-20T15:21:15Z,79.0
2024-03-20T15:21:20Z,80.0
2024-03-20T15:21:35Z,79.0
2024-03-20T15:21:40Z,78.0
2024-03-20T15:21:45Z,79.0
2024-03-20T15:21:50Z,80.0
2024-03-20T15:21:55Z,79.0
2024-03-20T15:22:00Z,77.0
2024-03-20T15:22:05Z,75.0
2024-03-20T15:22:10Z,73.0
2024-03-20T15:22:15Z,72.0
2024-03-20T15:22:20Z,73.0
2024-03-20T15:22:25Z,75.0
2024-03-20T15:22:30Z,74.0
2024-03-20T15:22:45Z,75.0
2024-03-20T15:22:50Z,71.0
2024-03-20T15:22:55Z,72.0
2024-03-20T15:23:00Z,78.0
2024-03-20T15:23:05Z,85.0
2024-03-20T15:23:15Z,83.0
2024-03-20T15:23:20Z,84.0
2024-03-20T15:23:25Z,88.0
2024-03-20T15:23:30Z,87.0
2024-03-20T15:23:36Z,83.0
2024-03-20T15:23:41Z,82.0
2024-03-20T15:23:46Z,79.0
2024-03-20T15:23:51Z,78.0
2024-03-20T15:23:56Z,80.0
2024-03-20T15:24:01Z,85.0
2024-03-20T15:24:06Z,89.0
2024-03-20T15:24:11Z,86.0
2024-03-20T15:24:16Z,84.0
2024-03-20T15:24:21Z,83.0
2024-03-20T15:24:31Z,81.0
2024-03-20T15:24:36Z,79.0
2024-03-20T15:24:47Z,77.0
2024-03-20T15:24:52Z,79.0
2024-03-20T15:25:07Z,76.0
2024-03-20T15:25:12Z,74.0
2024-03-20T15:25:22Z,76.0
2024-03-20T15:25:27Z,72.0
2024-03-20T15:25:32Z,71.0
2024-03-20T15:25:37Z,72.0
2024-03-20T15:25:42Z,76.0
2024-03-20T15:25:47Z,79.0
2024-03-20T15:25:52Z,80.0
2024-03-20T15:25:57Z,78.0
2024-03-20T15:26:02Z,74.0
2024-03-20T15:26:07Z,72.0
2024-03-20T15:26:12Z,75.0
2024-03-20T15:26:17Z,76.0
2024-03-20T15:26:22Z,74.0
2024-03-20T15:26:27Z,71.0
2024-03-20T15:26:37Z,72.0
2024-03-20T15:26:42Z,70.0
2024-03-20T15:26:47Z,69.0
2024-03-20T15:26:52Z,68.0
2024-03-20T15:26:57Z,67.0
2024-03-20T15:27:07Z,68.0
2024-03-20T15:27:17Z,70.0
2024-03-20T15:27:27Z,68.0
2024-03-20T15:27:32Z,67.0
2024-03-20T15:27:37Z,69.0
2024-03-20T15:27:42Z,73.0
2024-03-20T15:27:47Z,76.0
2024-03-20T15:27:57Z,74.0
2024-03-20T15:28:02Z,75.0
2024-03-20T15:28:17Z,76.0
2024-03-20T15:28:22Z,77.0
2024-03-20T15:28:27Z,82.0
2024-03-20T15:28:37Z,79.0
2024-03-20T15:28:52Z,78.0
2024-03-20T15:29:02Z,76.0
2024-03-20T15:29:07Z,77.0
2024-03-20T15:29:12Z,79.0
2024-03-20T15:29:17Z,76.0
2024-03-20T15:29:22Z,75.0
2024-03-20T15:29:27Z,72.0
2024-03-20T15:29:37Z,75.0
2024-03-20T15:29:42Z,76.0
2024-03-20T15:29:47Z,73.0
2024-03-20T15:29:52Z,69.0
2024-03-20T15:29:57Z,64.0
2024-03-20T15:30:07Z,65.0
2024-03-20T15:30:12Z,66.0
2024-03-20T15:30:17Z,70.0
2024-03-20T15:30:22Z,72.0
2024-03-20T15:30:27Z,73.0
2024-03-20T15:30:37Z,74.0
2024-03-20T15:30:42Z,74.0
2024-03-20T15:30:57Z,74.0
2024-03-20T15:31:02Z,76.0
2024-03-20T15:31:07Z,75.0
2024-03-20T15:31:12Z,73.0
2024-03-20T15:31:22Z,74.0
2024-03-20T15:31:27Z,75.0
2024-03-20T15:31:33Z,77.0
2024-03-20T15:31:38Z,75.0
2024-03-20T15:31:43Z,74.0
2024-03-20T15:31:53Z,75.0
2024-03-20T15:31:58Z,74.0
2024-03-20T15:32:03Z,75.0
2024-03-20T15:32:08Z,78.0
2024-03-20T15:32:18Z,76.0
2024-03-20T15:32:28Z,77.0
2024-03-20T15:32:33Z,76.0
2024-03-20T15:32:43Z,77.0
2024-03-20T15:32:48Z,74.0
2024-03-20T15:32:58Z,73.0
2024-03-20T15:33:03Z,70.0
2024-03-20T15:33:08Z,68.0
2024-03-20T15:33:18Z,69.0
2024-03-20T15:33:23Z,68.0
2024-03-20T15:33:28Z,69.0
2024-03-20T15:33:43Z,68.0
2024-03-20T15:33:48Z,70.0
2024-03-20T15:33:53Z,69.0
2024-03-20T15:33:58Z,67.0
2024-03-20T15:34:03Z,70.0
2024-03-20T15:34:08Z,73.0
2024-03-20T15:34:13Z,77.0
2024-03-20T15:34:18Z,78.0
2024-03-20T15:34:23Z,76.0
2024-03-20T15:34:28Z,75.0
2024-03-20T15:34:33Z,74.0
2024-03-20T15:34:38Z,75.0
2024-03-20T15:34:48Z,74.0
2024-03-20T15:34:53Z,75.0
2024-03-20T15:35:08Z,74.0
2024-03-20T15:35:18Z,76.0
2024-03-20T15:35:23Z,78.0
2024-03-20T15:35:28Z,79.0
2024-03-20T15:35:38Z,78.0
2024-03-20T15:35:43Z,77.0
2024-03-20T15:35:48Z,76.0
2024-03-20T15:35:58Z,77.0
2024-03-20T15:36:03Z,78.0
2024-03-20T15:36:13Z,81.0
2024-03-20T15:36:18Z,82.0
2024-03-20T15:36:23Z,76.0
2024-03-20T15:36:33Z,78.0
2024-03-20T15:36:38Z,77.0
2024-03-20T15:36:43Z,78.0
2024-03-20T15:36:48Z,77.0
2024-03-20T15:36:53Z,78.0
2024-03-20T15:37:03Z,76.0
2024-03-20T15:37:08Z,75.0
2024-03-20T15:37:18Z,74.0
2024-03-20T15:37:23Z,72.0
2024-03-20T15:37:33Z,71.0
2024-03-20T15:37:38Z,72.0
2024-03-20T15:37:48Z,71.0
2024-03-20T15:37:58Z,69.0
2024-03-20T15:38:03Z,67.0
2024-03-20T15:38:13Z,68.0
2024-03-20T15:38:18Z,70.0
2024-03-20T15:38:23Z,72.0
2024-03-20T15:38:28Z,71.0
2024-03-20T15:38:33Z,70.0
2024-03-20T15:38:48Z,70.0
2024-03-20T15:38:58Z,71.0
2024-03-20T15:39:03Z,73.0
2024-03-20T15:39:08Z,74.0
2024-03-20T15:39:18Z,72.0
2024-03-20T15:39:28Z,70.0
2024-03-20T15:39:38Z,71.0
2024-03-20T15:39:43Z,73.0
2024-03-20T15:39:48Z,75.0
2024-03-20T15:39:58Z,73.0
2024-03-20T15:40:03Z,72.0
2024-03-20T15:40:08Z,74.0
2024-03-20T15:40:13Z,78.0
2024-03-20T15:40:18Z,77.0
2024-03-20T15:40:28Z,75.0
2024-03-20T15:40:33Z,72.0
2024-03-20T15:40:38Z,74.0
2024-03-20T15:40:43Z,73.0
2024-03-20T15:40:48Z,73.0
2024-03-20T15:40:53Z,74.0
2024-03-20T15:40:58Z,71.0
2024-03-20T15:41:03Z,68.0
2024-03-20T15:41:08Z,67.0
2024-03-20T15:41:18Z,68.0
2024-03-20T15:41:23Z,70.0
2024-03-20T15:41:28Z,71.0
2024-03-20T15:41:33Z,77.0
2024-03-20T15:41:38Z,79.0
2024-03-20T15:41:43Z,75.0
2024-03-20T15:41:48Z,71.0
2024-03-20T15:41:58Z,72.0
2024-03-20T15:42:03Z,73.0
2024-03-20T15:42:08Z,77.0
2024-03-20T15:42:18Z,73.0
2024-03-20T15:42:23Z,72.0
2024-03-20T15:42:28Z,71.0
2024-03-20T15:42:33Z,69.0
2024-03-20T15:42:48Z,69.0
2024-03-20T15:42:53Z,68.0
2024-03-20T15:42:58Z,67.0
2024-03-20T15:43:03Z,68.0
2024-03-20T15:43:13Z,67.0
2024-03-20T15:43:18Z,66.0
2024-03-20T15:43:23Z,65.0
2024-03-20T15:43:33Z,66.0
2024-03-20T15:43:38Z,71.0
2024-03-20T15:43:43Z,76.0
2024-03-20T15:43:48Z,80.0
2024-03-20T15:43:53Z,84.0
2024-03-20T15:43:58Z,83.0
2024-03-20T15:44:08Z,86.0
2024-03-20T15:44:13Z,84.0
2024-03-20T15:44:18Z,83.0
2024-03-20T15:44:23Z,84.0
2024-03-20T15:44:33Z,86.0
2024-03-20T15:44:38Z,85.0
2024-03-20T15:44:43Z,84.0
2024-03-20T15:44:48Z,81.0
2024-03-20T15:44:53Z,79.0
2024-03-20T15:44:58Z,81.0
2024-03-20T15:45:03Z,84.0
2024-03-20T15:45:08Z,82.0
2024-03-20T15:45:13Z,81.0
2024-03-20T15:45:18Z,76.0
2024-03-20T15:45:23Z,74.0
2024-03-20T15:45:33Z,75.0
2024-03-20T15:45:43Z,74.0
2024-03-20T15:45:48Z,75.0
2024-03-20T15:45:53Z,76.0
2024-03-20T15:46:03Z,77.0
2024-03-20T15:46:08Z,73.0
2024-03-20T15:46:13Z,71.0
2024-03-20T15:46:18Z,71.0
2024-03-20T15:46:28Z,72.0
2024-03-20T15:46:33Z,69.0
2024-03-20T15:46:38Z,68.0
2024-03-20T15:46:48Z,66.0
2024-03-20T15:46:53Z,63.0
2024-03-20T15:46:58Z,61.0
2024-03-20T15:47:03Z,62.0
2024-03-20T15:47:08Z,64.0
2024-03-20T15:47:13Z,62.0
2024-03-20T15:47:18Z,60.0
2024-03-20T15:47:23Z,59.0
2024-03-20T15:47:28Z,60.0
2024-03-20T15:47:33Z,62.0
2024-03-20T15:47:38Z,64.0
2024-03-20T15:47:43Z,67.0
2024-03-20T15:47:48Z,70.0
2024-03-20T15:47:53Z,67.0
2024-03-20T15:48:08Z,66.0
2024-03-20T15:48:13Z,68.0
2024-03-20T15:48:18Z,71.0
2024-03-20T15:48:23Z,77.0
2024-03-20T15:48:28Z,83.0
2024-03-20T15:48:33Z,85.0
2024-03-20T15:48:43Z,84.0
2024-03-20T15:48:48Z,89.0
2024-03-20T15:48:53Z,90.0
2024-03-20T15:48:58Z,90.0
2024-03-20T15:49:13Z,89.0
2024-03-20T15:49:18Z,90.0
2024-03-20T15:49:23Z,87.0
2024-03-20T15:49:33Z,88.0
2024-03-20T15:49:38Z,87.0
2024-03-20T15:49:43Z,86.0
2024-03-20T15:49:48Z,83.0
2024-03-20T15:49:53Z,81.0
2024-03-20T15:49:58Z,79.0
2024-03-20T15:50:03Z,77.0
2024-03-20T15:50:08Z,76.0
2024-03-20T15:50:13Z,74.0
2024-03-20T15:50:23Z,79.0
2024-03-20T15:50:28Z,82.0
2024-03-20T15:50:38Z,79.0
2024-03-20T15:50:43Z,78.0
2024-03-20T15:50:48Z,82.0
2024-03-20T15:50:53Z,83.0
2024-03-20T15:50:58Z,82.0
2024-03-20T15:51:03Z,80.0
2024-03-20T15:51:08Z,79.0
2024-03-20T15:51:13Z,80.0
2024-03-20T15:51:18Z,77.0
2024-03-20T15:51:23Z,76.0
2024-03-20T15:51:28Z,75.0
2024-03-20T15:51:33Z,76.0
2024-03-20T15:51:38Z,76.0
2024-03-20T15:51:48Z,78.0
2024-03-20T15:51:53Z,79.0
2024-03-20T15:52:03Z,81.0
2024-03-20T15:52:08Z,86.0
2024-03-20T15:52:18Z,81.0
2024-03-20T15:52:23Z,85.0
2024-03-20T15:52:28Z,87.0
2024-03-20T15:52:33Z,86.0
2024-03-20T15:52:38Z,79.0
2024-03-20T15:52:43Z,80.0
2024-03-20T15:52:48Z,82.0
2024-03-20T15:52:53Z,81.0
2024-03-20T15:53:03Z,83.0
2024-03-20T15:53:08Z,86.0
2024-03-20T15:53:13Z,85.0
2024-03-20T15:53:18Z,83.0
2024-03-20T15:53:23Z,82.0
2024-03-20T15:53:28Z,81.0
2024-03-20T15:53:33Z,82.0
2024-03-20T15:53:43Z,80.0
2024-03-20T15:53:48Z,81.0
2024-03-20T15:53:53Z,82.0
2024-03-20T15:53:58Z,80.0
2024-03-20T15:54:03Z,79.0
2024-03-20T15:54:13Z,76.0
2024-03-20T15:54:23Z,77.0
2024-03-20T15:54:28Z,75.0
2024-03-20T15:54:33Z,76.0
2024-03-20T15:54:38Z,75.0
2024-03-20T15:54:43Z,73.0
2024-03-20T15:54:53Z,74.0
2024-03-20T15:54:58Z,73.0
2024-03-20T15:55:03Z,75.0
2024-03-20T15:55:08Z,78.0
2024-03-20T15:55:13Z,76.0
2024-03-20T15:55:18Z,75.0
2024-03-20T15:55:23Z,73.0
2024-03-20T15:55:33Z,74.0
2024-03-20T15:55:38Z,75.0
2024-03-20T15:55:43Z,74.0
2024-03-20T15:55:48Z,76.0
2024-03-20T15:55:53Z,81.0
2024-03-20T15:55:58Z,75.0
2024-03-20T15:56:03Z,73.0
2024-03-20T15:56:08Z,72.0
2024-03-20T15:56:13Z,70.0
2024-03-20T15:56:28Z,69.0
2024-03-20T15:56:38Z,71.0
2024-03-20T15:56:43Z,72.0
2024-03-20T15:56:48Z,73.0
2024-03-20T15:57:03Z,73.0
2024-03-20T15:57:08Z,74.0
2024-03-20T15:57:13Z,75.0
2024-03-20T15:57:18Z,75.0
2024-03-20T15:57:23Z,73.0
2024-03-20T15:57:33Z,71.0
2024-03-20T15:57:38Z,70.0
2024-03-20T15:57:43Z,71.0
2024-03-20T15:57:48Z,74.0
2024-03-20T15:57:53Z,76.0
2024-03-20T15:57:58Z,79.0
2024-03-20T15:58:08Z,78.0
2024-03-20T15:58:18Z,77.0
2024-03-20T15:58:23Z,75.0
2024-03-20T15:58:33Z,77.0
2024-03-20T15:58:38Z,76.0
2024-03-20T15:58:43Z,75.0
2024-03-20T15:58:53Z,76.0
2024-03-20T15:58:58Z,74.0
2024-03-20T15:59:03Z,73.0
2024-03-20T15:59:08Z,75.0
2024-03-20T15:59:13Z,76.0
2024-03-20T15:59:18Z,70.0
2024-03-20T15:59:23Z,67.0
2024-03-20T15:59:33Z,68.0
2024-03-20T15:59:38Z,69.0
2024-03-20T15:59:43Z,70.0
2024-03-20T15:59:48Z,68.0
2024-03-20T15:59:53Z,70.0
2024-03-20T15:59:58Z,73.0
2024-03-20T16:00:03Z,73.0
2024-03-20T16:00:08Z,70.0
2024-03-20T16:00:13Z,68.0
2024-03-20T16:00:18Z,69.0
2024-03-20T16:00:23Z,68.0
2024-03-20T16:00:28Z,66.0
2024-03-20T16:00:33Z,67.0
2024-03-20T16:00:38Z,69.0
2024-03-20T16:00:43Z,74.0
2024-03-20T16:00:48Z,76.0
2024-03-20T16:00:53Z,75.0
2024-03-20T16:00:58Z,74.0
2024-03-20T16:01:03Z,73.0
2024-03-20T16:01:08Z,76.0
2024-03-20T16:01:13Z,80.0
2024-03-20T16:01:18Z,71.0
2024-03-20T16:01:23Z,67.0
2024-03-20T16:01:28Z,65.0
2024-03-20T16:01:33Z,69.0
2024-03-20T16:01:38Z,72.0
2024-03-20T16:01:43Z,74.0
2024-03-20T16:01:48Z,72.0
2024-03-20T16:01:58Z,71.0
2024-03-20T16:02:03Z,70.0
2024-03-20T16:02:08Z,71.0
2024-03-20T16:02:13Z,70.0
2024-03-20T16:02:18Z,72.0
2024-03-20T16:02:28Z,74.0
2024-03-20T16:02:33Z,77.0
2024-03-20T16:02:38Z,74.0
2024-03-20T16:02:43Z,71.0
2024-03-20T16:02:48Z,69.0
2024-03-20T16:02:53Z,70.0
2024-03-20T16:02:58Z,72.0
2024-03-20T16:03:03Z,73.0
2024-03-20T16:03:08Z,76.0
2024-03-20T16:03:18Z,74.0
2024-03-20T16:03:23Z,73.0
2024-03-20T16:03:28Z,74.0
2024-03-20T16:03:33Z,75.0
2024-03-20T16:03:38Z,74.0
2024-03-20T16:03:48Z,77.0
2024-03-20T16:03:53Z,69.0
2024-03-20T16:03:58Z,67.0
2024-03-20T16:04:03Z,69.0
2024-03-20T16:04:08Z,70.0
2024-03-20T16:04:18Z,71.0
2024-03-20T16:04:33Z,71.0
2024-03-20T16:04:38Z,70.0
2024-03-20T16:04:48Z,69.0
2024-03-20T16:04:58Z,71.0
2024-03-20T16:05:08Z,72.0
2024-03-20T16:05:13Z,76.0
2024-03-20T16:05:18Z,76.0
2024-03-20T16:05:23Z,73.0
2024-03-20T16:05:28Z,71.0
2024-03-20T16:05:38Z,72.0
2024-03-20T16:05:48Z,74.0
2024-03-20T16:05:53Z,73.0
2024-03-20T16:05:58Z,71.0
2024-03-20T16:06:03Z,68.0
2024-03-20T16:06:08Z,67.0
2024-03-20T16:06:13Z,65.0
2024-03-20T16:06:18Z,67.0
2024-03-20T16:06:23Z,69.0
2024-03-20T16:06:28Z,72.0
2024-03-20T16:06:33Z,78.0
2024-03-20T16:06:38Z,77.0
2024-03-20T16:06:43Z,75.0
2024-03-20T16:06:48Z,72.0
2024-03-20T16:06:53Z,70.0
2024-03-20T16:06:58Z,69.0
2024-03-20T16:07:03Z,68.0
2024-03-20T16:07:08Z,67.0
2024-03-20T16:07:18Z,68.0
2024-03-20T16:07:23Z,66.0
2024-03-20T16:07:28Z,65.0
2024-03-20T16:07:33Z,66.0
2024-03-20T16:07:38Z,67.0
2024-03-20T16:07:43Z,68.0
2024-03-20T16:07:48Z,66.0
2024-03-20T16:07:58Z,64.0
2024-03-20T16:08:03Z,63.0
2024-03-20T16:08:08Z,64.0
2024-03-20T16:08:13Z,63.0
2024-03-20T16:08:18Z,62.0
2024-03-20T16:08:28Z,63.0
2024-03-20T16:08:33Z,65.0
2024-03-20T16:08:38Z,67.0
2024-03-20T16:08:48Z,66.0
2024-03-20T16:08:58Z,67.0
2024-03-20T16:09:03Z,64.0
2024-03-20T16:09:08Z,63.0
2024-03-20T16:09:23Z,63.0
2024-03-20T16:09:28Z,64.0
2024-03-20T16:09:38Z,65.0
2024-03-20T16:09:48Z,66.0
2024-03-20T16:09:58Z,67.0
2024-03-20T16:10:03Z,68.0
2024-03-20T16:10:08Z,71.0
2024-03-20T16:10:13Z,74.0
2024-03-20T16:10:18Z,71.0
2024-03-20T16:10:23Z,70.0
2024-03-20T16:10:28Z,67.0
2024-03-20T16:10:38Z,68.0
2024-03-20T16:10:53Z,67.0
2024-03-20T16:11:03Z,69.0
2024-03-20T16:11:08Z,68.0
2024-03-20T16:11:13Z,70.0
2024-03-20T16:11:18Z,74.0
2024-03-20T16:11:23Z,77.0
2024-03-20T16:11:33Z,78.0
2024-03-20T16:11:38Z,77.0
2024-03-20T16:11:43Z,76.0
2024-03-20T16:11:48Z,77.0
2024-03-20T16:11:53Z,78.0
2024-03-20T16:11:58Z,79.0
2024-03-20T16:12:03Z,77.0
2024-03-20T16:12:08Z,75.0
2024-03-20T16:12:13Z,77.0
2024-03-20T16:12:18Z,84.0
2024-03-20T16:12:23Z,89.0
2024-03-20T16:12:28Z,83.0
2024-03-20T16:12:33Z,81.0
2024-03-20T16:12:38Z,79.0
2024-03-20T16:12:43Z,80.0
2024-03-20T16:12:48Z,77.0
2024-03-20T16:12:58Z,75.0
2024-03-20T16:13:08Z,76.0
2024-03-20T16:13:18Z,75.0
2024-03-20T16:13:28Z,79.0
2024-03-20T16:13:33Z,80.0
2024-03-20T16:13:38Z,79.0
2024-03-20T16:13:43Z,78.0
2024-03-20T16:13:48Z,80.0
2024-03-20T16:13:58Z,81.0
2024-03-20T16:14:03Z,82.0
2024-03-20T16:14:18Z,82.0
2024-03-20T16:14:23Z,83.0
2024-03-20T16:14:28Z,82.0
2024-03-20T16:14:33Z,80.0
2024-03-20T16:14:38Z,81.0
2024-03-20T16:14:43Z,82.0
2024-03-20T16:14:48Z,86.0
2024-03-20T16:14:53Z,91.0
2024-03-20T16:15:03Z,88.0
2024-03-20T16:15:08Z,91.0
2024-03-20T16:15:18Z,93.0
2024-03-20T16:15:23Z,90.0
2024-03-20T16:15:28Z,89.0
2024-03-20T16:15:43Z,89.0
2024-03-20T16:15:48Z,90.0
2024-03-20T16:15:53Z,91.0
2024-03-20T16:15:58Z,93.0
2024-03-20T16:16:03Z,91.0
2024-03-20T16:16:08Z,89.0
2024-03-20T16:16:13Z,90.0
2024-03-20T16:16:18Z,93.0
2024-03-20T16:16:23Z,95.0
2024-03-20T16:16:28Z,94.0
2024-03-20T16:16:33Z,91.0
2024-03-20T16:16:38Z,91.0
2024-03-20T16:16:43Z,90.0
2024-03-20T16:16:48Z,87.0
2024-03-20T16:16:58Z,91.0
2024-03-20T16:17:03Z,93.0
2024-03-20T16:17:08Z,95.0
2024-03-20T16:17:13Z,97.0
2024-03-20T16:17:23Z,98.0
2024-03-20T16:17:28Z,101.0
2024-03-20T16:17:43Z,98.0
2024-03-20T16:17:48Z,96.0
2024-03-20T16:17:53Z,90.0
2024-03-20T16:17:58Z,85.0
2024-03-20T16:18:03Z,84.0
2024-03-20T16:18:08Z,81.0
2024-03-20T16:18:23Z,80.0
2024-03-20T16:18:28Z,81.0
2024-03-20T16:18:33Z,83.0
2024-03-20T16:18:43Z,85.0
2024-03-20T16:18:48Z,90.0
2024-03-20T16:18:53Z,93.0
2024-03-20T16:18:58Z,89.0
2024-03-20T16:19:03Z,88.0
2024-03-20T16:19:08Z,89.0
2024-03-20T16:19:13Z,91.0
2024-03-20T16:19:18Z,94.0
2024-03-20T16:19:23Z,97.0
