timestamp,beats per minute
2024-06-27T11:12:23Z,91.0
2024-06-27T11:12:28Z,90.0
2024-06-27T11:12:33Z,94.0
2024-06-27T11:12:38Z,87.0
2024-06-27T11:12:43Z,80.0
2024-06-27T11:12:48Z,79.0
2024-06-27T11:12:53Z,78.0
2024-06-27T11:13:03Z,77.0
2024-06-27T11:13:08Z,79.0
2024-06-27T11:13:13Z,80.0
2024-06-27T11:13:18Z,79.0
2024-06-27T11:13:24Z,78.0
2024-06-27T11:13:29Z,79.0
2024-06-27T11:13:34Z,80.0
2024-06-27T11:13:39Z,78.0
2024-06-27T11:13:44Z,84.0
2024-06-27T11:13:49Z,85.0
2024-06-27T11:13:54Z,81.0
2024-06-27T11:13:59Z,80.0
2024-06-27T11:14:04Z,79.0
2024-06-27T11:14:10Z,80.0
2024-06-27T11:14:20Z,81.0
2024-06-27T11:14:35Z,82.0
2024-06-27T11:14:40Z,81.0
2024-06-27T11:14:45Z,84.0
2024-06-27T11:15:00Z,82.0
2024-06-27T11:15:05Z,83.0
2024-06-27T11:15:10Z,84.0
2024-06-27T11:15:20Z,83.0
2024-06-27T11:15:26Z,82.0
2024-06-27T11:15:31Z,84.0
2024-06-27T11:15:36Z,87.0
2024-06-27T11:15:41Z,88.0
2024-06-27T11:15:51Z,87.0
2024-06-27T11:16:01Z,85.0
2024-06-27T11:16:06Z,84.0
2024-06-27T11:16:11Z,83.0
2024-06-27T11:16:17Z,83.0
2024-06-27T11:16:34Z,85.0
2024-06-27T11:16:41Z,86.0
2024-06-27T11:16:46Z,89.0
2024-06-27T11:16:51Z,91.0
2024-06-27T11:16:56Z,89.0
2024-06-27T11:17:01Z,92.0
2024-06-27T11:17:06Z,94.0
2024-06-27T11:17:11Z,96.0
2024-06-27T11:17:16Z,97.0
2024-06-27T11:17:26Z,95.0
2024-06-27T11:17:31Z,93.0
2024-06-27T11:17:36Z,96.0
2024-06-27T11:17:46Z,100.0
2024-06-27T11:17:51Z,103.0
2024-06-27T11:17:56Z,104.0
2024-06-27T11:18:06Z,105.0
2024-06-27T11:18:11Z,106.0
2024-06-27T11:18:16Z,109.0
2024-06-27T11:18:21Z,111.0
2024-06-27T11:18:26Z,114.0
2024-06-27T11:18:31Z,122.0
2024-06-27T11:18:36Z,125.0
2024-06-27T11:18:42Z,124.0
2024-06-27T11:18:47Z,123.0
2024-06-27T11:18:52Z,116.0
2024-06-27T11:18:55Z,114.0
2024-06-27T11:18:56Z,112.0
2024-06-27T11:18:59Z,113.0
2024-06-27T11:19:01Z,112.0
2024-06-27T11:19:02Z,113.0
2024-06-27T11:19:03Z,115.0
2024-06-27T11:19:06Z,114.0
2024-06-27T11:19:07Z,115.0
2024-06-27T11:19:08Z,117.0
2024-06-27T11:19:10Z,115.0
2024-06-27T11:19:11Z,117.0
2024-06-27T11:19:12Z,115.0
2024-06-27T11:19:14Z,121.0
2024-06-27T11:19:15Z,123.0
2024-06-27T11:19:17Z,127.0
2024-06-27T11:19:19Z,126.0
2024-06-27T11:19:20Z,128.0
2024-06-27T11:19:23Z,130.0
2024-06-27T11:19:25Z,129.0
2024-06-27T11:19:26Z,128.0
2024-06-27T11:19:28Z,129.0
2024-06-27T11:19:31Z,129.0
2024-06-27T11:19:33Z,130.0
2024-06-27T11:19:35Z,131.0
2024-06-27T11:19:37Z,132.0
2024-06-27T11:19:40Z,132.0
2024-06-27T11:19:42Z,133.0
2024-06-27T11:19:43Z,133.0
2024-06-27T11:19:46Z,133.0
2024-06-27T11:19:47Z,134.0
2024-06-27T11:19:48Z,137.0
2024-06-27T11:19:49Z,135.0
2024-06-27T11:19:51Z,137.0
2024-06-27T11:19:52Z,136.0
2024-06-27T11:19:53Z,137.0
2024-06-27T11:19:56Z,138.0
2024-06-27T11:19:57Z,140.0
2024-06-27T11:20:00Z,140.0
2024-06-27T11:20:02Z,141.0
2024-06-27T11:20:04Z,140.0
2024-06-27T11:20:06Z,141.0
2024-06-27T11:20:07Z,142.0
2024-06-27T11:20:10Z,142.0
2024-06-27T11:20:11Z,143.0
2024-06-27T11:20:12Z,144.0
2024-06-27T11:20:14Z,145.0
2024-06-27T11:20:16Z,144.0
2024-06-27T11:20:18Z,145.0
2024-06-27T11:20:20Z,146.0
2024-06-27T11:20:21Z,145.0
2024-06-27T11:20:24Z,145.0
2024-06-27T11:20:25Z,146.0
2024-06-27T11:20:28Z,147.0
2024-06-27T11:20:29Z,145.0
2024-06-27T11:20:30Z,146.0
2024-06-27T11:20:33Z,146.0
2024-06-27T11:20:36Z,146.0
2024-06-27T11:20:37Z,147.0
2024-06-27T11:20:40Z,147.0
2024-06-27T11:20:42Z,146.0
2024-06-27T11:20:45Z,146.0
2024-06-27T11:20:46Z,147.0
2024-06-27T11:20:49Z,147.0
2024-06-27T11:20:52Z,148.0
2024-06-27T11:20:53Z,147.0
2024-06-27T11:20:56Z,147.0
2024-06-27T11:20:59Z,147.0
2024-06-27T11:21:02Z,147.0
2024-06-27T11:21:05Z,148.0
2024-06-27T11:21:08Z,149.0
2024-06-27T11:21:10Z,148.0
2024-06-27T11:21:13Z,148.0
2024-06-27T11:21:14Z,149.0
2024-06-27T11:21:15Z,150.0
2024-06-27T11:21:16Z,149.0
2024-06-27T11:21:18Z,150.0
2024-06-27T11:21:21Z,150.0
2024-06-27T11:21:24Z,150.0
2024-06-27T11:21:25Z,151.0
2024-06-27T11:21:28Z,151.0
2024-06-27T11:21:29Z,152.0
2024-06-27T11:21:30Z,152.0
2024-06-27T11:21:33Z,152.0
2024-06-27T11:21:36Z,152.0
2024-06-27T11:21:39Z,152.0
2024-06-27T11:21:42Z,153.0
2024-06-27T11:21:45Z,153.0
2024-06-27T11:21:46Z,152.0
2024-06-27T11:21:48Z,153.0
2024-06-27T11:21:50Z,152.0
2024-06-27T11:21:53Z,152.0
2024-06-27T11:21:54Z,153.0
2024-06-27T11:21:55Z,152.0
2024-06-27T11:21:58Z,152.0
2024-06-27T11:21:59Z,153.0
2024-06-27T11:22:02Z,153.0
2024-06-27T11:22:04Z,154.0
2024-06-27T11:22:05Z,153.0
2024-06-27T11:22:08Z,153.0
2024-06-27T11:22:11Z,153.0
2024-06-27T11:22:13Z,152.0
2024-06-27T11:22:14Z,153.0
2024-06-27T11:22:15Z,154.0
2024-06-27T11:22:17Z,153.0
2024-06-27T11:22:19Z,152.0
2024-06-27T11:22:20Z,154.0
2024-06-27T11:22:23Z,154.0
2024-06-27T11:22:26Z,154.0
2024-06-27T11:22:27Z,153.0
2024-06-27T11:22:30Z,153.0
2024-06-27T11:22:31Z,152.0
2024-06-27T11:22:33Z,153.0
2024-06-27T11:22:36Z,153.0
2024-06-27T11:22:39Z,153.0
2024-06-27T11:22:41Z,154.0
2024-06-27T11:22:44Z,154.0
2024-06-27T11:22:47Z,154.0
2024-06-27T11:22:50Z,153.0
2024-06-27T11:22:51Z,155.0
2024-06-27T11:22:52Z,153.0
2024-06-27T11:22:55Z,153.0
2024-06-27T11:22:56Z,154.0
2024-06-27T11:22:59Z,153.0
2024-06-27T11:23:02Z,153.0
2024-06-27T11:23:05Z,153.0
2024-06-27T11:23:08Z,153.0
2024-06-27T11:23:10Z,154.0
2024-06-27T11:23:13Z,154.0
2024-06-27T11:23:16Z,154.0
2024-06-27T11:23:17Z,155.0
2024-06-27T11:23:19Z,154.0
2024-06-27T11:23:21Z,155.0
2024-06-27T11:23:23Z,157.0
2024-06-27T11:23:24Z,156.0
2024-06-27T11:23:26Z,155.0
2024-06-27T11:23:27Z,155.0
2024-06-27T11:23:28Z,156.0
2024-06-27T11:23:30Z,155.0
2024-06-27T11:23:33Z,156.0
2024-06-27T11:23:35Z,155.0
2024-06-27T11:23:38Z,155.0
2024-06-27T11:23:39Z,156.0
2024-06-27T11:23:40Z,155.0
2024-06-27T11:23:41Z,156.0
2024-06-27T11:23:44Z,157.0
2024-06-27T11:23:46Z,156.0
2024-06-27T11:23:49Z,157.0
2024-06-27T11:23:51Z,156.0
2024-06-27T11:23:54Z,157.0
2024-06-27T11:23:56Z,156.0
2024-06-27T11:23:59Z,156.0
2024-06-27T11:24:00Z,157.0
2024-06-27T11:24:01Z,156.0
2024-06-27T11:24:04Z,155.0
2024-06-27T11:24:07Z,156.0
2024-06-27T11:24:10Z,156.0
2024-06-27T11:24:12Z,157.0
2024-06-27T11:24:15Z,157.0
2024-06-27T11:24:16Z,156.0
2024-06-27T11:24:19Z,157.0
2024-06-27T11:24:22Z,157.0
2024-06-27T11:24:25Z,157.0
2024-06-27T11:24:26Z,157.0
2024-06-27T11:24:27Z,156.0
2024-06-27T11:24:30Z,157.0
2024-06-27T11:24:33Z,157.0
2024-06-27T11:24:35Z,158.0
2024-06-27T11:24:38Z,158.0
2024-06-27T11:24:39Z,157.0
2024-06-27T11:24:42Z,157.0
2024-06-27T11:24:45Z,158.0
2024-06-27T11:24:46Z,157.0
2024-06-27T11:24:49Z,156.0
2024-06-27T11:24:50Z,157.0
2024-06-27T11:24:51Z,158.0
2024-06-27T11:24:54Z,157.0
2024-06-27T11:24:55Z,156.0
2024-06-27T11:24:58Z,157.0
2024-06-27T11:24:59Z,158.0
2024-06-27T11:25:01Z,157.0
2024-06-27T11:25:04Z,157.0
2024-06-27T11:25:06Z,156.0
2024-06-27T11:25:07Z,155.0
2024-06-27T11:25:08Z,156.0
2024-06-27T11:25:11Z,155.0
2024-06-27T11:25:14Z,155.0
2024-06-27T11:25:15Z,156.0
2024-06-27T11:25:17Z,157.0
2024-06-27T11:25:20Z,157.0
2024-06-27T11:25:21Z,156.0
2024-06-27T11:25:22Z,157.0
2024-06-27T11:25:25Z,157.0
2024-06-27T11:25:27Z,158.0
2024-06-27T11:25:30Z,157.0
2024-06-27T11:25:32Z,158.0
2024-06-27T11:25:34Z,159.0
2024-06-27T11:25:35Z,158.0
2024-06-27T11:25:38Z,158.0
2024-06-27T11:25:39Z,159.0
2024-06-27T11:25:40Z,158.0
2024-06-27T11:25:43Z,157.0
2024-06-27T11:25:44Z,158.0
2024-06-27T11:25:45Z,157.0
2024-06-27T11:25:46Z,156.0
2024-06-27T11:25:49Z,156.0
2024-06-27T11:25:50Z,157.0
2024-06-27T11:25:53Z,157.0
2024-06-27T11:25:55Z,156.0
2024-06-27T11:25:58Z,157.0
2024-06-27T11:26:01Z,157.0
2024-06-27T11:26:03Z,158.0
2024-06-27T11:26:06Z,158.0
2024-06-27T11:26:07Z,157.0
2024-06-27T11:26:08Z,156.0
2024-06-27T11:26:10Z,157.0
2024-06-27T11:26:11Z,159.0
2024-06-27T11:26:12Z,159.0
2024-06-27T11:26:13Z,158.0
2024-06-27T11:26:15Z,157.0
2024-06-27T11:26:16Z,159.0
2024-06-27T11:26:18Z,158.0
2024-06-27T11:26:21Z,159.0
2024-06-27T11:26:24Z,158.0
2024-06-27T11:26:26Z,160.0
2024-06-27T11:26:27Z,159.0
2024-06-27T11:26:30Z,159.0
2024-06-27T11:26:33Z,159.0
2024-06-27T11:26:35Z,160.0
2024-06-27T11:26:36Z,159.0
2024-06-27T11:26:39Z,160.0
2024-06-27T11:26:42Z,161.0
2024-06-27T11:26:43Z,160.0
2024-06-27T11:26:46Z,160.0
2024-06-27T11:26:47Z,161.0
2024-06-27T11:26:50Z,161.0
2024-06-27T11:26:51Z,160.0
2024-06-27T11:26:54Z,160.0
2024-06-27T11:26:56Z,159.0
2024-06-27T11:26:59Z,159.0
2024-06-27T11:27:02Z,159.0
2024-06-27T11:27:05Z,158.0
2024-06-27T11:27:06Z,159.0
2024-06-27T11:27:07Z,158.0
2024-06-27T11:27:08Z,158.0
2024-06-27T11:27:10Z,159.0
2024-06-27T11:27:13Z,159.0
2024-06-27T11:27:14Z,158.0
2024-06-27T11:27:15Z,159.0
2024-06-27T11:27:16Z,160.0
2024-06-27T11:27:19Z,159.0
2024-06-27T11:27:22Z,159.0
2024-06-27T11:27:25Z,160.0
2024-06-27T11:27:28Z,159.0
2024-06-27T11:27:30Z,160.0
2024-06-27T11:27:32Z,161.0
2024-06-27T11:27:35Z,160.0
2024-06-27T11:27:38Z,159.0
2024-06-27T11:27:40Z,160.0
2024-06-27T11:27:42Z,159.0
2024-06-27T11:27:44Z,158.0
2024-06-27T11:27:46Z,159.0
2024-06-27T11:27:49Z,159.0
2024-06-27T11:27:51Z,160.0
2024-06-27T11:27:53Z,159.0
2024-06-27T11:27:56Z,161.0
2024-06-27T11:27:58Z,160.0
2024-06-27T11:28:00Z,161.0
2024-06-27T11:28:02Z,160.0
2024-06-27T11:28:05Z,160.0
2024-06-27T11:28:07Z,161.0
2024-06-27T11:28:08Z,161.0
2024-06-27T11:28:11Z,161.0
2024-06-27T11:28:12Z,160.0
2024-06-27T11:28:14Z,161.0
2024-06-27T11:28:15Z,160.0
2024-06-27T11:28:18Z,160.0
2024-06-27T11:28:21Z,160.0
2024-06-27T11:28:23Z,159.0
2024-06-27T11:28:24Z,160.0
2024-06-27T11:28:27Z,159.0
2024-06-27T11:28:28Z,158.0
2024-06-27T11:28:30Z,159.0
2024-06-27T11:28:33Z,160.0
2024-06-27T11:28:34Z,159.0
2024-06-27T11:28:37Z,159.0
2024-06-27T11:28:39Z,160.0
2024-06-27T11:28:41Z,159.0
2024-06-27T11:28:42Z,161.0
2024-06-27T11:28:45Z,160.0
2024-06-27T11:28:46Z,158.0
2024-06-27T11:28:48Z,159.0
2024-06-27T11:28:51Z,158.0
2024-06-27T11:28:52Z,159.0
2024-06-27T11:28:53Z,160.0
2024-06-27T11:28:56Z,159.0
2024-06-27T11:28:57Z,160.0
2024-06-27T11:28:59Z,159.0
2024-06-27T11:29:00Z,160.0
2024-06-27T11:29:01Z,159.0
2024-06-27T11:29:04Z,159.0
2024-06-27T11:29:05Z,160.0
2024-06-27T11:29:07Z,161.0
2024-06-27T11:29:09Z,160.0
2024-06-27T11:29:10Z,159.0
2024-06-27T11:29:13Z,160.0
2024-06-27T11:29:14Z,161.0
2024-06-27T11:29:15Z,160.0
2024-06-27T11:29:17Z,159.0
2024-06-27T11:29:18Z,160.0
2024-06-27T11:29:19Z,162.0
2024-06-27T11:29:20Z,161.0
2024-06-27T11:29:22Z,160.0
2024-06-27T11:29:25Z,160.0
2024-06-27T11:29:27Z,159.0
2024-06-27T11:29:30Z,159.0
2024-06-27T11:29:32Z,158.0
2024-06-27T11:29:35Z,158.0
2024-06-27T11:29:38Z,158.0
2024-06-27T11:29:41Z,158.0
2024-06-27T11:29:42Z,157.0
2024-06-27T11:29:45Z,158.0
2024-06-27T11:29:47Z,157.0
2024-06-27T11:29:50Z,156.0
2024-06-27T11:29:53Z,156.0
2024-06-27T11:29:54Z,156.0
2024-06-27T11:29:55Z,155.0
2024-06-27T11:29:58Z,155.0
2024-06-27T11:30:00Z,154.0
2024-06-27T11:30:01Z,153.0
2024-06-27T11:30:04Z,153.0
2024-06-27T11:30:06Z,152.0
2024-06-27T11:30:09Z,152.0
2024-06-27T11:30:12Z,152.0
2024-06-27T11:30:15Z,153.0
2024-06-27T11:30:18Z,153.0
2024-06-27T11:30:21Z,155.0
2024-06-27T11:30:22Z,154.0
2024-06-27T11:30:23Z,153.0
2024-06-27T11:30:26Z,154.0
2024-06-27T11:30:27Z,155.0
2024-06-27T11:30:30Z,155.0
2024-06-27T11:30:33Z,155.0
2024-06-27T11:30:36Z,155.0
2024-06-27T11:30:38Z,156.0
2024-06-27T11:30:40Z,155.0
2024-06-27T11:30:41Z,157.0
2024-06-27T11:30:42Z,156.0
2024-06-27T11:30:45Z,156.0
2024-06-27T11:30:48Z,156.0
2024-06-27T11:30:49Z,155.0
2024-06-27T11:30:52Z,156.0
2024-06-27T11:30:53Z,156.0
2024-06-27T11:30:55Z,155.0
2024-06-27T11:30:56Z,154.0
2024-06-27T11:30:58Z,155.0
2024-06-27T11:30:59Z,156.0
2024-06-27T11:31:02Z,156.0
2024-06-27T11:31:03Z,155.0
2024-06-27T11:31:05Z,156.0
2024-06-27T11:31:08Z,157.0
2024-06-27T11:31:11Z,157.0
2024-06-27T11:31:12Z,156.0
2024-06-27T11:31:13Z,157.0
2024-06-27T11:31:16Z,157.0
2024-06-27T11:31:19Z,157.0
2024-06-27T11:31:21Z,156.0
2024-06-27T11:31:24Z,156.0
2024-06-27T11:31:27Z,156.0
2024-06-27T11:31:30Z,156.0
2024-06-27T11:31:31Z,157.0
2024-06-27T11:31:32Z,158.0
2024-06-27T11:31:33Z,159.0
2024-06-27T11:31:35Z,158.0
2024-06-27T11:31:37Z,157.0
2024-06-27T11:31:39Z,158.0
2024-06-27T11:31:40Z,157.0
2024-06-27T11:31:41Z,158.0
2024-06-27T11:31:44Z,158.0
2024-06-27T11:31:45Z,157.0
2024-06-27T11:31:46Z,158.0
2024-06-27T11:31:48Z,159.0
2024-06-27T11:31:49Z,158.0
2024-06-27T11:31:50Z,157.0
2024-06-27T11:31:51Z,156.0
2024-06-27T11:31:53Z,157.0
2024-06-27T11:31:56Z,156.0
2024-06-27T11:31:59Z,156.0
2024-06-27T11:32:02Z,156.0
2024-06-27T11:32:05Z,155.0
2024-06-27T11:32:07Z,158.0
2024-06-27T11:32:08Z,157.0
2024-06-27T11:32:11Z,156.0
2024-06-27T11:32:12Z,158.0
2024-06-27T11:32:13Z,157.0
2024-06-27T11:32:14Z,158.0
2024-06-27T11:32:16Z,157.0
2024-06-27T11:32:17Z,158.0
2024-06-27T11:32:18Z,159.0
2024-06-27T11:32:20Z,158.0
2024-06-27T11:32:21Z,159.0
2024-06-27T11:32:23Z,160.0
2024-06-27T11:32:26Z,160.0
2024-06-27T11:32:28Z,159.0
2024-06-27T11:32:30Z,161.0
2024-06-27T11:32:31Z,160.0
2024-06-27T11:32:32Z,162.0
2024-06-27T11:32:34Z,160.0
2024-06-27T11:32:35Z,161.0
2024-06-27T11:32:36Z,160.0
2024-06-27T11:32:37Z,162.0
2024-06-27T11:32:39Z,161.0
2024-06-27T11:32:40Z,160.0
2024-06-27T11:32:41Z,159.0
2024-06-27T11:32:42Z,160.0
2024-06-27T11:32:45Z,159.0
2024-06-27T11:32:48Z,159.0
2024-06-27T11:32:50Z,160.0
2024-06-27T11:32:51Z,159.0
2024-06-27T11:32:53Z,160.0
2024-06-27T11:32:54Z,161.0
2024-06-27T11:32:57Z,161.0
2024-06-27T11:33:00Z,161.0
2024-06-27T11:33:02Z,162.0
2024-06-27T11:33:03Z,161.0
2024-06-27T11:33:06Z,161.0
2024-06-27T11:33:07Z,162.0
2024-06-27T11:33:09Z,161.0
2024-06-27T11:33:11Z,162.0
2024-06-27T11:33:13Z,163.0
2024-06-27T11:33:16Z,162.0
2024-06-27T11:33:17Z,163.0
2024-06-27T11:33:18Z,164.0
2024-06-27T11:33:19Z,164.0
2024-06-27T11:33:22Z,163.0
2024-06-27T11:33:23Z,164.0
2024-06-27T11:33:25Z,163.0
2024-06-27T11:33:26Z,162.0
2024-06-27T11:33:29Z,163.0
2024-06-27T11:33:31Z,162.0
2024-06-27T11:33:33Z,161.0
2024-06-27T11:33:36Z,161.0
2024-06-27T11:33:39Z,161.0
2024-06-27T11:33:40Z,160.0
2024-06-27T11:33:43Z,161.0
2024-06-27T11:33:44Z,160.0
2024-06-27T11:33:45Z,161.0
2024-06-27T11:33:47Z,160.0
2024-06-27T11:33:50Z,160.0
2024-06-27T11:33:53Z,159.0
2024-06-27T11:33:56Z,159.0
2024-06-27T11:33:59Z,159.0
2024-06-27T11:34:02Z,159.0
2024-06-27T11:34:03Z,158.0
2024-06-27T11:34:04Z,159.0
2024-06-27T11:34:07Z,159.0
2024-06-27T11:34:08Z,158.0
2024-06-27T11:34:09Z,159.0
2024-06-27T11:34:11Z,158.0
2024-06-27T11:34:12Z,159.0
2024-06-27T11:34:13Z,157.0
2024-06-27T11:34:15Z,158.0
2024-06-27T11:34:17Z,159.0
2024-06-27T11:34:19Z,158.0
2024-06-27T11:34:20Z,159.0
2024-06-27T11:34:21Z,158.0
2024-06-27T11:34:22Z,159.0
2024-06-27T11:34:24Z,158.0
2024-06-27T11:34:25Z,159.0
2024-06-27T11:34:26Z,158.0
2024-06-27T11:34:29Z,158.0
2024-06-27T11:34:30Z,159.0
2024-06-27T11:34:31Z,158.0
2024-06-27T11:34:34Z,158.0
2024-06-27T11:34:37Z,157.0
2024-06-27T11:34:40Z,158.0
2024-06-27T11:34:43Z,157.0
2024-06-27T11:34:45Z,159.0
2024-06-27T11:34:47Z,158.0
2024-06-27T11:34:48Z,157.0
2024-06-27T11:34:49Z,156.0
2024-06-27T11:34:52Z,157.0
2024-06-27T11:34:55Z,157.0
2024-06-27T11:34:56Z,156.0
2024-06-27T11:34:57Z,157.0
2024-06-27T11:35:00Z,157.0
2024-06-27T11:35:02Z,158.0
2024-06-27T11:35:03Z,158.0
2024-06-27T11:35:06Z,159.0
2024-06-27T11:35:09Z,158.0
2024-06-27T11:35:12Z,158.0
2024-06-27T11:35:14Z,157.0
2024-06-27T11:35:16Z,158.0
2024-06-27T11:35:19Z,158.0
2024-06-27T11:35:22Z,157.0
2024-06-27T11:35:25Z,157.0
2024-06-27T11:35:26Z,158.0
2024-06-27T11:35:29Z,158.0
2024-06-27T11:35:32Z,157.0
2024-06-27T11:35:33Z,158.0
2024-06-27T11:35:36Z,158.0
2024-06-27T11:35:39Z,158.0
2024-06-27T11:35:42Z,159.0
2024-06-27T11:35:45Z,159.0
2024-06-27T11:35:46Z,160.0
2024-06-27T11:35:48Z,159.0
2024-06-27T11:35:51Z,160.0
2024-06-27T11:35:54Z,160.0
2024-06-27T11:35:57Z,160.0
2024-06-27T11:35:58Z,161.0
2024-06-27T11:36:01Z,160.0
2024-06-27T11:36:04Z,160.0
2024-06-27T11:36:06Z,159.0
2024-06-27T11:36:09Z,160.0
2024-06-27T11:36:10Z,159.0
2024-06-27T11:36:11Z,160.0
2024-06-27T11:36:14Z,160.0
2024-06-27T11:36:17Z,160.0
2024-06-27T11:36:20Z,160.0
2024-06-27T11:36:23Z,160.0
2024-06-27T11:36:26Z,160.0
2024-06-27T11:36:29Z,160.0
2024-06-27T11:36:30Z,159.0
2024-06-27T11:36:33Z,159.0
2024-06-27T11:36:36Z,159.0
2024-06-27T11:36:39Z,159.0
2024-06-27T11:36:42Z,159.0
2024-06-27T11:36:43Z,158.0
2024-06-27T11:36:46Z,158.0
2024-06-27T11:36:49Z,158.0
2024-06-27T11:36:51Z,159.0
2024-06-27T11:36:54Z,159.0
2024-06-27T11:36:55Z,160.0
2024-06-27T11:36:58Z,160.0
2024-06-27T11:37:01Z,160.0
2024-06-27T11:37:04Z,160.0
2024-06-27T11:37:05Z,161.0
2024-06-27T11:37:06Z,159.0
2024-06-27T11:37:07Z,161.0
2024-06-27T11:37:09Z,160.0
2024-06-27T11:37:10Z,161.0
2024-06-27T11:37:11Z,160.0
2024-06-27T11:37:13Z,161.0
2024-06-27T11:37:16Z,161.0
2024-06-27T11:37:19Z,162.0
2024-06-27T11:37:20Z,161.0
2024-06-27T11:37:22Z,162.0
2024-06-27T11:37:24Z,161.0
2024-06-27T11:37:27Z,162.0
2024-06-27T11:37:30Z,162.0
2024-06-27T11:37:31Z,161.0
2024-06-27T11:37:32Z,162.0
2024-06-27T11:37:35Z,162.0
2024-06-27T11:37:38Z,162.0
2024-06-27T11:37:41Z,162.0
2024-06-27T11:37:42Z,161.0
2024-06-27T11:37:43Z,162.0
2024-06-27T11:37:46Z,162.0
2024-06-27T11:37:47Z,161.0
2024-06-27T11:37:50Z,162.0
2024-06-27T11:37:53Z,162.0
2024-06-27T11:37:54Z,161.0
2024-06-27T11:37:56Z,164.0
2024-06-27T11:37:59Z,164.0
2024-06-27T11:38:01Z,165.0
2024-06-27T11:38:03Z,164.0
2024-06-27T11:38:04Z,162.0
2024-06-27T11:38:07Z,162.0
2024-06-27T11:38:08Z,161.0
2024-06-27T11:38:11Z,161.0
2024-06-27T11:38:12Z,160.0
2024-06-27T11:38:13Z,158.0
2024-06-27T11:38:14Z,157.0
2024-06-27T11:38:17Z,157.0
2024-06-27T11:38:18Z,156.0
2024-06-27T11:38:19Z,155.0
2024-06-27T11:38:22Z,155.0
2024-06-27T11:38:23Z,154.0
2024-06-27T11:38:26Z,153.0
2024-06-27T11:38:29Z,152.0
2024-06-27T11:38:32Z,151.0
2024-06-27T11:38:34Z,150.0
2024-06-27T11:38:36Z,149.0
2024-06-27T11:38:38Z,148.0
2024-06-27T11:38:41Z,147.0
2024-06-27T11:38:42Z,146.0
2024-06-27T11:38:45Z,146.0
2024-06-27T11:38:46Z,145.0
2024-06-27T11:38:49Z,144.0
2024-06-27T11:38:50Z,143.0
2024-06-27T11:38:53Z,142.0
2024-06-27T11:38:54Z,141.0
2024-06-27T11:38:56Z,140.0
2024-06-27T11:38:59Z,140.0
2024-06-27T11:39:01Z,139.0
2024-06-27T11:39:02Z,139.0
2024-06-27T11:39:03Z,138.0
2024-06-27T11:39:06Z,138.0
2024-06-27T11:39:08Z,137.0
2024-06-27T11:39:10Z,136.0
2024-06-27T11:39:13Z,136.0
2024-06-27T11:39:14Z,135.0
2024-06-27T11:39:17Z,135.0
2024-06-27T11:39:19Z,134.0
2024-06-27T11:39:21Z,135.0
2024-06-27T11:39:24Z,136.0
2024-06-27T11:39:27Z,134.0
2024-06-27T11:39:28Z,135.0
2024-06-27T11:39:31Z,136.0
2024-06-27T11:39:32Z,133.0
2024-06-27T11:39:33Z,135.0
2024-06-27T11:39:35Z,131.0
2024-06-27T11:39:36Z,135.0
2024-06-27T11:39:37Z,131.0
2024-06-27T11:39:39Z,134.0
2024-06-27T11:39:40Z,131.0
2024-06-27T11:39:41Z,129.0
2024-06-27T11:39:42Z,127.0
2024-06-27T11:39:44Z,128.0
2024-06-27T11:39:45Z,129.0
2024-06-27T11:39:48Z,129.0
2024-06-27T11:39:49Z,128.0
2024-06-27T11:39:50Z,129.0
2024-06-27T11:39:53Z,128.0
2024-06-27T11:39:56Z,128.0
2024-06-27T11:39:58Z,127.0
2024-06-27T11:40:00Z,128.0
2024-06-27T11:40:02Z,127.0
2024-06-27T11:40:05Z,127.0
2024-06-27T11:40:08Z,127.0
2024-06-27T11:40:10Z,128.0
2024-06-27T11:40:12Z,127.0
2024-06-27T11:40:13Z,126.0
2024-06-27T11:40:16Z,125.0
2024-06-27T11:40:19Z,125.0
2024-06-27T11:40:20Z,126.0
2024-06-27T11:40:21Z,127.0
2024-06-27T11:40:24Z,127.0
2024-06-27T11:40:25Z,128.0
2024-06-27T11:40:28Z,128.0
2024-06-27T11:40:31Z,128.0
2024-06-27T11:40:32Z,129.0
2024-06-27T11:40:34Z,128.0
2024-06-27T11:40:35Z,127.0
2024-06-27T11:40:38Z,127.0
2024-06-27T11:40:41Z,126.0
2024-06-27T11:40:43Z,127.0
2024-06-27T11:40:45Z,126.0
2024-06-27T11:40:48Z,126.0
2024-06-27T11:40:49Z,126.0
2024-06-27T11:40:52Z,126.0
2024-06-27T11:40:54Z,127.0
2024-06-27T11:40:57Z,127.0
2024-06-27T11:41:00Z,127.0
2024-06-27T11:41:03Z,128.0
2024-06-27T11:41:06Z,128.0
2024-06-27T11:41:07Z,127.0
2024-06-27T11:41:10Z,127.0
2024-06-27T11:41:12Z,128.0
2024-06-27T11:41:13Z,127.0
2024-06-27T11:41:16Z,127.0
2024-06-27T11:41:18Z,126.0
2024-06-27T11:41:21Z,126.0
2024-06-27T11:41:23Z,125.0
2024-06-27T11:41:26Z,124.0
2024-06-27T11:41:29Z,124.0
2024-06-27T11:41:32Z,123.0
2024-06-27T11:41:35Z,123.0
2024-06-27T11:41:38Z,123.0
2024-06-27T11:41:41Z,123.0
2024-06-27T11:41:44Z,124.0
2024-06-27T11:41:47Z,125.0
2024-06-27T11:41:50Z,125.0
2024-06-27T11:41:53Z,124.0
2024-06-27T11:41:56Z,124.0
2024-06-27T11:41:59Z,124.0
2024-06-27T11:42:00Z,124.0
2024-06-27T11:42:01Z,125.0
2024-06-27T11:42:02Z,124.0
2024-06-27T11:42:03Z,125.0
2024-06-27T11:42:04Z,124.0
2024-06-27T11:42:07Z,124.0
2024-06-27T11:42:10Z,124.0
2024-06-27T11:42:13Z,124.0
2024-06-27T11:42:16Z,124.0
2024-06-27T11:42:19Z,124.0
2024-06-27T11:42:22Z,123.0
2024-06-27T11:42:24Z,124.0
2024-06-27T11:42:27Z,124.0
2024-06-27T11:42:30Z,124.0
2024-06-27T11:42:31Z,123.0
2024-06-27T11:42:34Z,124.0
2024-06-27T11:42:35Z,123.0
2024-06-27T11:42:36Z,124.0
2024-06-27T11:42:39Z,124.0
2024-06-27T11:42:41Z,123.0
2024-06-27T11:42:44Z,123.0
2024-06-27T11:42:47Z,123.0
2024-06-27T11:42:49Z,122.0
2024-06-27T11:42:52Z,122.0
2024-06-27T11:42:55Z,122.0
2024-06-27T11:42:56Z,123.0
2024-06-27T11:42:57Z,122.0
2024-06-27T11:42:58Z,123.0
2024-06-27T11:42:59Z,122.0
2024-06-27T11:43:01Z,123.0
2024-06-27T11:43:03Z,124.0
2024-06-27T11:43:05Z,123.0
2024-06-27T11:43:06Z,124.0
2024-06-27T11:43:07Z,123.0
2024-06-27T11:43:10Z,123.0
2024-06-27T11:43:13Z,123.0
2024-06-27T11:43:16Z,123.0
2024-06-27T11:43:19Z,124.0
2024-06-27T11:43:21Z,123.0
2024-06-27T11:43:24Z,124.0
2024-06-27T11:43:27Z,124.0
2024-06-27T11:43:30Z,124.0
2024-06-27T11:43:31Z,125.0
2024-06-27T11:43:33Z,126.0
2024-06-27T11:43:34Z,125.0
2024-06-27T11:43:37Z,125.0
2024-06-27T11:43:40Z,125.0
2024-06-27T11:43:42Z,124.0
2024-06-27T11:43:43Z,125.0
2024-06-27T11:43:44Z,126.0
2024-06-27T11:43:45Z,127.0
2024-06-27T11:43:47Z,126.0
2024-06-27T11:43:48Z,127.0
2024-06-27T11:43:49Z,126.0
2024-06-27T11:43:50Z,126.0
2024-06-27T11:43:51Z,127.0
2024-06-27T11:43:54Z,126.0
2024-06-27T11:43:57Z,126.0
2024-06-27T11:44:00Z,125.0
2024-06-27T11:44:03Z,125.0
2024-06-27T11:44:06Z,125.0
2024-06-27T11:44:09Z,124.0
2024-06-27T11:44:12Z,124.0
2024-06-27T11:44:14Z,123.0
2024-06-27T11:44:17Z,123.0
2024-06-27T11:44:20Z,123.0
2024-06-27T11:44:23Z,123.0
2024-06-27T11:44:26Z,123.0
2024-06-27T11:44:29Z,123.0
2024-06-27T11:44:32Z,123.0
2024-06-27T11:44:33Z,122.0
2024-06-27T11:44:36Z,122.0
2024-06-27T11:44:37Z,123.0
2024-06-27T11:44:40Z,123.0
2024-06-27T11:44:42Z,124.0
2024-06-27T11:44:43Z,125.0
2024-06-27T11:44:44Z,126.0
2024-06-27T11:44:46Z,127.0
2024-06-27T11:44:47Z,128.0
2024-06-27T11:44:48Z,129.0
2024-06-27T11:44:50Z,130.0
2024-06-27T11:44:51Z,132.0
2024-06-27T11:44:52Z,133.0
2024-06-27T11:44:55Z,134.0
2024-06-27T11:44:57Z,136.0
2024-06-27T11:45:00Z,137.0
2024-06-27T11:45:03Z,137.0
2024-06-27T11:45:05Z,138.0
2024-06-27T11:45:07Z,139.0
2024-06-27T11:45:10Z,139.0
2024-06-27T11:45:13Z,140.0
2024-06-27T11:45:16Z,140.0
2024-06-27T11:45:18Z,141.0
2024-06-27T11:45:19Z,142.0
2024-06-27T11:45:22Z,142.0
2024-06-27T11:45:23Z,143.0
2024-06-27T11:45:26Z,143.0
2024-06-27T11:45:29Z,144.0
2024-06-27T11:45:32Z,144.0
2024-06-27T11:45:33Z,145.0
2024-06-27T11:45:36Z,146.0
2024-06-27T11:45:37Z,147.0
2024-06-27T11:45:40Z,147.0
2024-06-27T11:45:42Z,148.0
2024-06-27T11:45:45Z,147.0
2024-06-27T11:45:47Z,148.0
2024-06-27T11:45:50Z,148.0
2024-06-27T11:45:53Z,148.0
2024-06-27T11:45:54Z,148.0
2024-06-27T11:45:57Z,148.0
2024-06-27T11:46:00Z,149.0
2024-06-27T11:46:03Z,148.0
2024-06-27T11:46:06Z,149.0
2024-06-27T11:46:09Z,150.0
2024-06-27T11:46:12Z,150.0
2024-06-27T11:46:13Z,151.0
2024-06-27T11:46:14Z,152.0
2024-06-27T11:46:17Z,152.0
2024-06-27T11:46:18Z,153.0
2024-06-27T11:46:19Z,154.0
2024-06-27T11:46:22Z,154.0
2024-06-27T11:46:24Z,155.0
2024-06-27T11:46:26Z,156.0
2024-06-27T11:46:29Z,156.0
2024-06-27T11:46:32Z,156.0
2024-06-27T11:46:35Z,156.0
2024-06-27T11:46:38Z,156.0
2024-06-27T11:46:41Z,157.0
2024-06-27T11:46:44Z,157.0
2024-06-27T11:46:47Z,157.0
2024-06-27T11:46:50Z,157.0
2024-06-27T11:46:53Z,157.0
2024-06-27T11:46:56Z,157.0
2024-06-27T11:46:59Z,157.0
2024-06-27T11:47:02Z,157.0
2024-06-27T11:47:03Z,157.0
2024-06-27T11:47:06Z,157.0
2024-06-27T11:47:09Z,157.0
2024-06-27T11:47:12Z,158.0
2024-06-27T11:47:13Z,157.0
2024-06-27T11:47:16Z,157.0
2024-06-27T11:47:19Z,156.0
2024-06-27T11:47:22Z,156.0
2024-06-27T11:47:23Z,157.0
2024-06-27T11:47:24Z,156.0
2024-06-27T11:47:27Z,155.0
2024-06-27T11:47:30Z,156.0
2024-06-27T11:47:33Z,155.0
2024-06-27T11:47:35Z,157.0
2024-06-27T11:47:37Z,158.0
2024-06-27T11:47:38Z,157.0
2024-06-27T11:47:41Z,157.0
2024-06-27T11:47:42Z,156.0
2024-06-27T11:47:45Z,157.0
2024-06-27T11:47:46Z,158.0
2024-06-27T11:47:49Z,158.0
2024-06-27T11:47:52Z,158.0
2024-06-27T11:47:55Z,158.0
2024-06-27T11:47:58Z,158.0
2024-06-27T11:47:59Z,159.0
2024-06-27T11:48:02Z,159.0
2024-06-27T11:48:03Z,160.0
2024-06-27T11:48:04Z,160.0
2024-06-27T11:48:07Z,160.0
2024-06-27T11:48:08Z,161.0
2024-06-27T11:48:10Z,160.0
2024-06-27T11:48:13Z,161.0
2024-06-27T11:48:16Z,161.0
2024-06-27T11:48:19Z,162.0
2024-06-27T11:48:22Z,162.0
2024-06-27T11:48:23Z,163.0
2024-06-27T11:48:26Z,163.0
2024-06-27T11:48:27Z,164.0
2024-06-27T11:48:30Z,164.0
2024-06-27T11:48:31Z,163.0
2024-06-27T11:48:32Z,164.0
2024-06-27T11:48:35Z,164.0
2024-06-27T11:48:36Z,163.0
2024-06-27T11:48:37Z,164.0
2024-06-27T11:48:40Z,164.0
2024-06-27T11:48:43Z,163.0
2024-06-27T11:48:44Z,164.0
2024-06-27T11:48:45Z,163.0
2024-06-27T11:48:46Z,164.0
2024-06-27T11:48:48Z,163.0
2024-06-27T11:48:51Z,163.0
2024-06-27T11:48:54Z,163.0
2024-06-27T11:48:55Z,164.0
2024-06-27T11:48:57Z,165.0
2024-06-27T11:48:58Z,164.0
2024-06-27T11:48:59Z,163.0
2024-06-27T11:49:01Z,164.0
2024-06-27T11:49:04Z,163.0
2024-06-27T11:49:07Z,163.0
2024-06-27T11:49:10Z,163.0
2024-06-27T11:49:11Z,164.0
2024-06-27T11:49:14Z,164.0
2024-06-27T11:49:16Z,165.0
2024-06-27T11:49:18Z,164.0
2024-06-27T11:49:21Z,165.0
2024-06-27T11:49:24Z,164.0
2024-06-27T11:49:26Z,165.0
2024-06-27T11:49:27Z,164.0
2024-06-27T11:49:30Z,164.0
2024-06-27T11:49:32Z,165.0
2024-06-27T11:49:34Z,164.0
2024-06-27T11:49:36Z,165.0
2024-06-27T11:49:37Z,166.0
2024-06-27T11:49:39Z,165.0
2024-06-27T11:49:40Z,163.0
2024-06-27T11:49:43Z,164.0
2024-06-27T11:49:44Z,163.0
2024-06-27T11:49:45Z,162.0
2024-06-27T11:49:47Z,163.0
2024-06-27T11:49:48Z,164.0
2024-06-27T11:49:49Z,165.0
2024-06-27T11:49:50Z,164.0
2024-06-27T11:49:52Z,165.0
2024-06-27T11:49:53Z,164.0
2024-06-27T11:49:56Z,164.0
2024-06-27T11:49:59Z,164.0
2024-06-27T11:50:01Z,165.0
2024-06-27T11:50:02Z,164.0
2024-06-27T11:50:05Z,164.0
2024-06-27T11:50:06Z,165.0
2024-06-27T11:50:09Z,165.0
2024-06-27T11:50:10Z,164.0
2024-06-27T11:50:12Z,167.0
2024-06-27T11:50:13Z,166.0
2024-06-27T11:50:16Z,165.0
2024-06-27T11:50:18Z,164.0
2024-06-27T11:50:20Z,163.0
2024-06-27T11:50:21Z,164.0
2024-06-27T11:50:24Z,163.0
2024-06-27T11:50:27Z,163.0
2024-06-27T11:50:28Z,164.0
2024-06-27T11:50:31Z,164.0
2024-06-27T11:50:34Z,164.0
2024-06-27T11:50:35Z,165.0
2024-06-27T11:50:36Z,164.0
2024-06-27T11:50:39Z,164.0
2024-06-27T11:50:40Z,165.0
2024-06-27T11:50:41Z,163.0
2024-06-27T11:50:42Z,163.0
2024-06-27T11:50:43Z,162.0
2024-06-27T11:50:44Z,163.0
2024-06-27T11:50:47Z,163.0
2024-06-27T11:50:49Z,164.0
2024-06-27T11:50:51Z,163.0
2024-06-27T11:50:53Z,162.0
2024-06-27T11:50:54Z,163.0
2024-06-27T11:50:56Z,162.0
2024-06-27T11:50:59Z,162.0
2024-06-27T11:51:01Z,163.0
2024-06-27T11:51:03Z,162.0
2024-06-27T11:51:06Z,162.0
2024-06-27T11:51:07Z,163.0
2024-06-27T11:51:08Z,162.0
2024-06-27T11:51:11Z,162.0
2024-06-27T11:51:14Z,162.0
2024-06-27T11:51:17Z,162.0
2024-06-27T11:51:19Z,161.0
2024-06-27T11:51:22Z,161.0
2024-06-27T11:51:25Z,161.0
2024-06-27T11:51:28Z,161.0
2024-06-27T11:51:30Z,162.0
2024-06-27T11:51:33Z,161.0
2024-06-27T11:51:34Z,160.0
2024-06-27T11:51:35Z,161.0
2024-06-27T11:51:38Z,162.0
2024-06-27T11:51:39Z,162.0
2024-06-27T11:51:40Z,161.0
2024-06-27T11:51:43Z,161.0
2024-06-27T11:51:44Z,162.0
2024-06-27T11:51:47Z,162.0
2024-06-27T11:51:50Z,162.0
2024-06-27T11:51:51Z,163.0
2024-06-27T11:51:54Z,163.0
2024-06-27T11:51:57Z,163.0
2024-06-27T11:52:00Z,163.0
2024-06-27T11:52:03Z,163.0
2024-06-27T11:52:06Z,164.0
2024-06-27T11:52:09Z,164.0
2024-06-27T11:52:12Z,163.0
2024-06-27T11:52:15Z,164.0
2024-06-27T11:52:18Z,164.0
2024-06-27T11:52:21Z,163.0
2024-06-27T11:52:24Z,163.0
2024-06-27T11:52:25Z,165.0
2024-06-27T11:52:26Z,164.0
2024-06-27T11:52:28Z,163.0
2024-06-27T11:52:30Z,164.0
2024-06-27T11:52:33Z,164.0
2024-06-27T11:52:34Z,163.0
2024-06-27T11:52:36Z,164.0
2024-06-27T11:52:39Z,164.0
2024-06-27T11:52:42Z,163.0
2024-06-27T11:52:43Z,164.0
2024-06-27T11:52:44Z,163.0
2024-06-27T11:52:46Z,164.0
2024-06-27T11:52:47Z,163.0
2024-06-27T11:52:48Z,164.0
2024-06-27T11:52:50Z,163.0
2024-06-27T11:52:51Z,164.0
2024-06-27T11:52:54Z,164.0
2024-06-27T11:52:55Z,163.0
2024-06-27T11:52:57Z,162.0
2024-06-27T11:53:00Z,162.0
2024-06-27T11:53:03Z,162.0
2024-06-27T11:53:06Z,162.0
2024-06-27T11:53:08Z,163.0
2024-06-27T11:53:10Z,162.0
2024-06-27T11:53:11Z,161.0
2024-06-27T11:53:13Z,163.0
2024-06-27T11:53:14Z,164.0
2024-06-27T11:53:16Z,163.0
2024-06-27T11:53:19Z,163.0
2024-06-27T11:53:20Z,164.0
2024-06-27T11:53:22Z,163.0
2024-06-27T11:53:23Z,162.0
2024-06-27T11:53:24Z,163.0
2024-06-27T11:53:27Z,163.0
2024-06-27T11:53:28Z,162.0
2024-06-27T11:53:31Z,162.0
2024-06-27T11:53:32Z,163.0
2024-06-27T11:53:33Z,162.0
2024-06-27T11:53:36Z,162.0
2024-06-27T11:53:38Z,161.0
2024-06-27T11:53:41Z,161.0
2024-06-27T11:53:44Z,161.0
2024-06-27T11:53:47Z,161.0
2024-06-27T11:53:50Z,161.0
2024-06-27T11:53:52Z,160.0
2024-06-27T11:53:54Z,161.0
2024-06-27T11:53:56Z,162.0
2024-06-27T11:53:57Z,161.0
2024-06-27T11:54:00Z,162.0
2024-06-27T11:54:03Z,162.0
2024-06-27T11:54:06Z,162.0
2024-06-27T11:54:09Z,162.0
2024-06-27T11:54:12Z,162.0
2024-06-27T11:54:14Z,161.0
2024-06-27T11:54:17Z,161.0
2024-06-27T11:54:20Z,161.0
2024-06-27T11:54:23Z,162.0
2024-06-27T11:54:26Z,161.0
2024-06-27T11:54:28Z,162.0
2024-06-27T11:54:31Z,162.0
2024-06-27T11:54:34Z,162.0
2024-06-27T11:54:37Z,162.0
2024-06-27T11:54:38Z,163.0
2024-06-27T11:54:39Z,163.0
2024-06-27T11:54:40Z,162.0
2024-06-27T11:54:43Z,162.0
2024-06-27T11:54:46Z,162.0
2024-06-27T11:54:49Z,162.0
2024-06-27T11:54:52Z,162.0
2024-06-27T11:54:54Z,161.0
2024-06-27T11:54:55Z,162.0
2024-06-27T11:54:57Z,163.0
2024-06-27T11:54:59Z,162.0
2024-06-27T11:55:02Z,162.0
2024-06-27T11:55:03Z,161.0
2024-06-27T11:55:04Z,162.0
2024-06-27T11:55:07Z,162.0
2024-06-27T11:55:09Z,163.0
2024-06-27T11:55:12Z,163.0
2024-06-27T11:55:13Z,162.0
2024-06-27T11:55:14Z,163.0
2024-06-27T11:55:17Z,163.0
2024-06-27T11:55:18Z,162.0
2024-06-27T11:55:19Z,163.0
2024-06-27T11:55:22Z,164.0
2024-06-27T11:55:25Z,164.0
2024-06-27T11:55:28Z,163.0
2024-06-27T11:55:30Z,162.0
2024-06-27T11:55:31Z,161.0
2024-06-27T11:55:32Z,163.0
2024-06-27T11:55:33Z,163.0
2024-06-27T11:55:36Z,163.0
2024-06-27T11:55:37Z,164.0
2024-06-27T11:55:39Z,163.0
2024-06-27T11:55:40Z,162.0
2024-06-27T11:55:43Z,162.0
2024-06-27T11:55:45Z,161.0
2024-06-27T11:55:46Z,160.0
2024-06-27T11:55:49Z,159.0
2024-06-27T11:55:52Z,159.0
2024-06-27T11:55:53Z,158.0
2024-06-27T11:55:54Z,157.0
2024-06-27T11:55:57Z,157.0
2024-06-27T11:55:59Z,156.0
2024-06-27T11:56:01Z,155.0
2024-06-27T11:56:04Z,153.0
2024-06-27T11:56:07Z,152.0
2024-06-27T11:56:09Z,151.0
2024-06-27T11:56:12Z,150.0
2024-06-27T11:56:15Z,150.0
2024-06-27T11:56:16Z,149.0
2024-06-27T11:56:17Z,148.0
2024-06-27T11:56:20Z,147.0
2024-06-27T11:56:21Z,146.0
2024-06-27T11:56:22Z,145.0
2024-06-27T11:56:25Z,144.0
2024-06-27T11:56:26Z,143.0
2024-06-27T11:56:27Z,143.0
2024-06-27T11:56:28Z,142.0
2024-06-27T11:56:31Z,141.0
2024-06-27T11:56:32Z,140.0
2024-06-27T11:56:35Z,139.0
2024-06-27T11:56:38Z,139.0
2024-06-27T11:56:39Z,138.0
2024-06-27T11:56:41Z,139.0
2024-06-27T11:56:44Z,139.0
2024-06-27T11:56:47Z,139.0
2024-06-27T11:56:50Z,138.0
2024-06-27T11:56:51Z,139.0
2024-06-27T11:56:54Z,138.0
2024-06-27T11:56:57Z,138.0
2024-06-27T11:56:58Z,137.0
2024-06-27T11:57:01Z,137.0
2024-06-27T11:57:04Z,137.0
2024-06-27T11:57:07Z,137.0
2024-06-27T11:57:09Z,135.0
2024-06-27T11:57:12Z,135.0
2024-06-27T11:57:15Z,135.0
2024-06-27T11:57:17Z,134.0
2024-06-27T11:57:20Z,134.0
2024-06-27T11:57:23Z,133.0
2024-06-27T11:57:26Z,133.0
2024-06-27T11:57:29Z,132.0
2024-06-27T11:57:30Z,131.0
2024-06-27T11:57:31Z,131.0
2024-06-27T11:57:34Z,131.0
2024-06-27T11:57:35Z,130.0
2024-06-27T11:57:38Z,130.0
2024-06-27T11:57:41Z,130.0
2024-06-27T11:57:44Z,130.0
2024-06-27T11:57:46Z,129.0
2024-06-27T11:57:49Z,129.0
2024-06-27T11:57:52Z,130.0
2024-06-27T11:57:53Z,129.0
2024-06-27T11:57:54Z,130.0
2024-06-27T11:57:56Z,129.0
2024-06-27T11:57:59Z,129.0
2024-06-27T11:58:02Z,129.0
2024-06-27T11:58:05Z,129.0
2024-06-27T11:58:08Z,129.0
2024-06-27T11:58:11Z,129.0
2024-06-27T11:58:13Z,128.0
2024-06-27T11:58:16Z,128.0
2024-06-27T11:58:18Z,129.0
2024-06-27T11:58:20Z,128.0
2024-06-27T11:58:21Z,129.0
2024-06-27T11:58:22Z,126.0
2024-06-27T11:58:24Z,127.0
2024-06-27T11:58:25Z,126.0
2024-06-27T11:58:26Z,125.0
2024-06-27T11:58:27Z,124.0
2024-06-27T11:58:28Z,124.0
2024-06-27T11:58:29Z,125.0
2024-06-27T11:58:30Z,126.0
2024-06-27T11:58:31Z,127.0
2024-06-27T11:58:34Z,128.0
2024-06-27T11:58:35Z,127.0
2024-06-27T11:58:38Z,128.0
2024-06-27T11:58:39Z,129.0
2024-06-27T11:58:42Z,129.0
2024-06-27T11:58:45Z,129.0
2024-06-27T11:58:47Z,128.0
2024-06-27T11:58:49Z,126.0
2024-06-27T11:58:50Z,128.0
2024-06-27T11:58:52Z,127.0
2024-06-27T11:58:53Z,129.0
2024-06-27T11:58:54Z,128.0
2024-06-27T11:58:57Z,128.0
2024-06-27T11:59:00Z,127.0
2024-06-27T11:59:03Z,127.0
2024-06-27T11:59:06Z,128.0
2024-06-27T11:59:07Z,126.0
2024-06-27T11:59:08Z,125.0
2024-06-27T11:59:10Z,123.0
2024-06-27T11:59:11Z,127.0
2024-06-27T11:59:14Z,127.0
2024-06-27T11:59:16Z,128.0
2024-06-27T11:59:19Z,127.0
2024-06-27T11:59:20Z,126.0
2024-06-27T11:59:21Z,127.0
2024-06-27T11:59:24Z,126.0
2024-06-27T11:59:26Z,129.0
2024-06-27T11:59:28Z,130.0
2024-06-27T11:59:29Z,129.0
2024-06-27T11:59:30Z,128.0
2024-06-27T11:59:32Z,127.0
2024-06-27T11:59:33Z,126.0
2024-06-27T11:59:34Z,125.0
2024-06-27T11:59:35Z,124.0
2024-06-27T11:59:37Z,127.0
2024-06-27T11:59:38Z,128.0
2024-06-27T11:59:39Z,129.0
2024-06-27T11:59:41Z,128.0
2024-06-27T11:59:42Z,129.0
2024-06-27T11:59:44Z,127.0
2024-06-27T11:59:47Z,130.0
2024-06-27T11:59:48Z,132.0
2024-06-27T11:59:51Z,131.0
2024-06-27T11:59:52Z,130.0
2024-06-27T11:59:55Z,130.0
2024-06-27T11:59:56Z,129.0
2024-06-27T11:59:58Z,128.0
2024-06-27T12:00:00Z,127.0
2024-06-27T12:00:01Z,128.0
2024-06-27T12:00:02Z,127.0
2024-06-27T12:00:03Z,128.0
2024-06-27T12:00:06Z,127.0
2024-06-27T12:00:09Z,127.0
2024-06-27T12:00:10Z,128.0
2024-06-27T12:00:13Z,127.0
2024-06-27T12:00:16Z,127.0
2024-06-27T12:00:19Z,126.0
2024-06-27T12:00:22Z,126.0
2024-06-27T12:00:23Z,125.0
2024-06-27T12:00:25Z,127.0
2024-06-27T12:00:28Z,127.0
2024-06-27T12:00:29Z,124.0
2024-06-27T12:00:30Z,127.0
2024-06-27T12:00:32Z,126.0
2024-06-27T12:00:34Z,125.0
2024-06-27T12:00:36Z,126.0
2024-06-27T12:00:37Z,127.0
2024-06-27T12:00:38Z,126.0
2024-06-27T12:00:41Z,126.0
2024-06-27T12:00:43Z,127.0
2024-06-27T12:00:44Z,125.0
2024-06-27T12:00:46Z,124.0
2024-06-27T12:00:47Z,123.0
2024-06-27T12:00:48Z,124.0
2024-06-27T12:00:50Z,125.0
2024-06-27T12:00:51Z,126.0
2024-06-27T12:00:52Z,127.0
2024-06-27T12:00:53Z,127.0
2024-06-27T12:00:55Z,128.0
2024-06-27T12:00:57Z,127.0
2024-06-27T12:00:58Z,128.0
2024-06-27T12:01:00Z,129.0
2024-06-27T12:01:03Z,129.0
2024-06-27T12:01:04Z,128.0
2024-06-27T12:01:05Z,129.0
2024-06-27T12:01:07Z,128.0
2024-06-27T12:01:10Z,127.0
2024-06-27T12:01:11Z,128.0
2024-06-27T12:01:14Z,128.0
2024-06-27T12:01:15Z,129.0
2024-06-27T12:01:16Z,130.0
2024-06-27T12:01:19Z,131.0
2024-06-27T12:01:20Z,133.0
2024-06-27T12:01:23Z,134.0
2024-06-27T12:01:25Z,135.0
2024-06-27T12:01:28Z,136.0
2024-06-27T12:01:31Z,136.0
2024-06-27T12:01:33Z,137.0
2024-06-27T12:01:36Z,137.0
2024-06-27T12:01:38Z,138.0
2024-06-27T12:01:39Z,139.0
2024-06-27T12:01:42Z,140.0
2024-06-27T12:01:45Z,141.0
2024-06-27T12:01:46Z,142.0
2024-06-27T12:01:47Z,143.0
2024-06-27T12:01:48Z,144.0
2024-06-27T12:01:51Z,145.0
2024-06-27T12:01:52Z,146.0
2024-06-27T12:01:55Z,147.0
2024-06-27T12:01:57Z,148.0
2024-06-27T12:01:59Z,149.0
2024-06-27T12:02:02Z,149.0
2024-06-27T12:02:03Z,150.0
2024-06-27T12:02:04Z,151.0
2024-06-27T12:02:06Z,152.0
2024-06-27T12:02:09Z,152.0
2024-06-27T12:02:10Z,153.0
2024-06-27T12:02:11Z,152.0
2024-06-27T12:02:13Z,153.0
2024-06-27T12:02:15Z,154.0
2024-06-27T12:02:18Z,154.0
2024-06-27T12:02:21Z,154.0
2024-06-27T12:02:22Z,155.0
2024-06-27T12:02:24Z,154.0
2024-06-27T12:02:26Z,155.0
2024-06-27T12:02:28Z,156.0
2024-06-27T12:02:31Z,155.0
2024-06-27T12:02:32Z,156.0
2024-06-27T12:02:33Z,155.0
2024-06-27T12:02:35Z,156.0
2024-06-27T12:02:38Z,156.0
2024-06-27T12:02:39Z,156.0
2024-06-27T12:02:42Z,156.0
2024-06-27T12:02:43Z,157.0
2024-06-27T12:02:45Z,156.0
2024-06-27T12:02:46Z,157.0
2024-06-27T12:02:49Z,157.0
2024-06-27T12:02:51Z,158.0
2024-06-27T12:02:54Z,158.0
2024-06-27T12:02:56Z,159.0
2024-06-27T12:02:58Z,158.0
2024-06-27T12:03:01Z,159.0
2024-06-27T12:03:04Z,159.0
2024-06-27T12:03:07Z,160.0
2024-06-27T12:03:09Z,161.0
2024-06-27T12:03:12Z,160.0
2024-06-27T12:03:14Z,161.0
2024-06-27T12:03:17Z,161.0
2024-06-27T12:03:20Z,161.0
2024-06-27T12:03:23Z,160.0
2024-06-27T12:03:24Z,161.0
2024-06-27T12:03:26Z,160.0
2024-06-27T12:03:27Z,161.0
2024-06-27T12:03:28Z,160.0
2024-06-27T12:03:30Z,161.0
2024-06-27T12:03:33Z,161.0
2024-06-27T12:03:35Z,160.0
2024-06-27T12:03:36Z,161.0
2024-06-27T12:03:37Z,161.0
2024-06-27T12:03:40Z,161.0
2024-06-27T12:03:43Z,161.0
2024-06-27T12:03:45Z,160.0
2024-06-27T12:03:46Z,161.0
2024-06-27T12:03:49Z,161.0
2024-06-27T12:03:51Z,160.0
2024-06-27T12:03:54Z,160.0
2024-06-27T12:03:57Z,160.0
2024-06-27T12:04:00Z,159.0
2024-06-27T12:04:02Z,158.0
2024-06-27T12:04:03Z,159.0
2024-06-27T12:04:06Z,159.0
2024-06-27T12:04:09Z,159.0
2024-06-27T12:04:12Z,158.0
2024-06-27T12:04:15Z,158.0
2024-06-27T12:04:16Z,159.0
2024-06-27T12:04:19Z,159.0
2024-06-27T12:04:22Z,160.0
2024-06-27T12:04:25Z,159.0
2024-06-27T12:04:27Z,160.0
2024-06-27T12:04:30Z,160.0
2024-06-27T12:04:33Z,160.0
2024-06-27T12:04:36Z,160.0
2024-06-27T12:04:39Z,160.0
2024-06-27T12:04:41Z,161.0
2024-06-27T12:04:43Z,160.0
2024-06-27T12:04:44Z,161.0
2024-06-27T12:04:45Z,160.0
2024-06-27T12:04:48Z,160.0
2024-06-27T12:04:51Z,160.0
2024-06-27T12:04:53Z,161.0
2024-06-27T12:04:55Z,160.0
2024-06-27T12:04:58Z,161.0
2024-06-27T12:05:01Z,161.0
2024-06-27T12:05:03Z,162.0
2024-06-27T12:05:04Z,163.0
2024-06-27T12:05:06Z,162.0
2024-06-27T12:05:09Z,163.0
2024-06-27T12:05:11Z,162.0
2024-06-27T12:05:13Z,161.0
2024-06-27T12:05:15Z,162.0
2024-06-27T12:05:16Z,163.0
2024-06-27T12:05:17Z,162.0
2024-06-27T12:05:20Z,162.0
2024-06-27T12:05:21Z,163.0
2024-06-27T12:05:24Z,163.0
2024-06-27T12:05:26Z,164.0
2024-06-27T12:05:29Z,165.0
2024-06-27T12:05:30Z,166.0
2024-06-27T12:05:31Z,167.0
2024-06-27T12:05:32Z,166.0
2024-06-27T12:05:34Z,165.0
2024-06-27T12:05:35Z,166.0
2024-06-27T12:05:36Z,166.0
2024-06-27T12:05:38Z,167.0
2024-06-27T12:05:39Z,166.0
2024-06-27T12:05:42Z,166.0
2024-06-27T12:05:44Z,167.0
2024-06-27T12:05:47Z,166.0
2024-06-27T12:05:50Z,166.0
2024-06-27T12:05:53Z,166.0
2024-06-27T12:05:56Z,166.0
2024-06-27T12:05:59Z,166.0
2024-06-27T12:06:02Z,167.0
2024-06-27T12:06:03Z,166.0
2024-06-27T12:06:04Z,167.0
2024-06-27T12:06:06Z,166.0
2024-06-27T12:06:07Z,167.0
2024-06-27T12:06:10Z,167.0
2024-06-27T12:06:12Z,166.0
2024-06-27T12:06:13Z,167.0
2024-06-27T12:06:15Z,166.0
2024-06-27T12:06:17Z,165.0
2024-06-27T12:06:19Z,166.0
2024-06-27T12:06:22Z,167.0
2024-06-27T12:06:25Z,166.0
2024-06-27T12:06:27Z,167.0
2024-06-27T12:06:29Z,166.0
2024-06-27T12:06:30Z,165.0
2024-06-27T12:06:31Z,164.0
2024-06-27T12:06:32Z,164.0
2024-06-27T12:06:33Z,165.0
2024-06-27T12:06:36Z,164.0
2024-06-27T12:06:39Z,164.0
2024-06-27T12:06:42Z,164.0
2024-06-27T12:06:43Z,163.0
2024-06-27T12:06:46Z,163.0
2024-06-27T12:06:49Z,162.0
2024-06-27T12:06:50Z,163.0
2024-06-27T12:06:53Z,164.0
2024-06-27T12:06:56Z,163.0
2024-06-27T12:06:59Z,164.0
2024-06-27T12:07:01Z,165.0
2024-06-27T12:07:02Z,164.0
2024-06-27T12:07:05Z,163.0
2024-06-27T12:07:06Z,165.0
2024-06-27T12:07:08Z,164.0
2024-06-27T12:07:10Z,163.0
2024-06-27T12:07:12Z,164.0
2024-06-27T12:07:15Z,164.0
2024-06-27T12:07:16Z,163.0
2024-06-27T12:07:19Z,163.0
2024-06-27T12:07:20Z,162.0
2024-06-27T12:07:21Z,163.0
2024-06-27T12:07:23Z,164.0
2024-06-27T12:07:25Z,163.0
2024-06-27T12:07:28Z,164.0
2024-06-27T12:07:29Z,164.0
2024-06-27T12:07:32Z,164.0
2024-06-27T12:07:33Z,165.0
2024-06-27T12:07:36Z,165.0
2024-06-27T12:07:37Z,164.0
2024-06-27T12:07:38Z,165.0
2024-06-27T12:07:41Z,165.0
2024-06-27T12:07:42Z,166.0
2024-06-27T12:07:43Z,165.0
2024-06-27T12:07:44Z,164.0
2024-06-27T12:07:46Z,162.0
2024-06-27T12:07:47Z,164.0
2024-06-27T12:07:48Z,163.0
2024-06-27T12:07:51Z,162.0
2024-06-27T12:07:52Z,165.0
2024-06-27T12:07:55Z,165.0
2024-06-27T12:07:56Z,163.0
2024-06-27T12:07:57Z,164.0
2024-06-27T12:07:58Z,165.0
2024-06-27T12:08:01Z,164.0
2024-06-27T12:08:03Z,165.0
2024-06-27T12:08:05Z,166.0
2024-06-27T12:08:06Z,164.0
2024-06-27T12:08:09Z,164.0
2024-06-27T12:08:10Z,165.0
2024-06-27T12:08:11Z,163.0
2024-06-27T12:08:14Z,164.0
2024-06-27T12:08:15Z,165.0
2024-06-27T12:08:16Z,164.0
2024-06-27T12:08:19Z,165.0
2024-06-27T12:08:21Z,164.0
2024-06-27T12:08:23Z,165.0
2024-06-27T12:08:24Z,166.0
2024-06-27T12:08:25Z,165.0
2024-06-27T12:08:28Z,165.0
2024-06-27T12:08:29Z,167.0
2024-06-27T12:08:32Z,166.0
2024-06-27T12:08:33Z,165.0
2024-06-27T12:08:34Z,166.0
2024-06-27T12:08:35Z,165.0
2024-06-27T12:08:38Z,166.0
2024-06-27T12:08:41Z,165.0
2024-06-27T12:08:43Z,166.0
2024-06-27T12:08:46Z,166.0
2024-06-27T12:08:47Z,165.0
2024-06-27T12:08:50Z,166.0
2024-06-27T12:08:53Z,167.0
2024-06-27T12:08:55Z,166.0
2024-06-27T12:08:56Z,167.0
2024-06-27T12:08:58Z,168.0
2024-06-27T12:09:01Z,167.0
2024-06-27T12:09:04Z,167.0
2024-06-27T12:09:05Z,168.0
2024-06-27T12:09:08Z,167.0
2024-06-27T12:09:09Z,167.0
2024-06-27T12:09:10Z,166.0
2024-06-27T12:09:17Z,165.0
2024-06-27T12:09:22Z,163.0
2024-06-27T12:09:27Z,160.0
2024-06-27T12:09:32Z,158.0
2024-06-27T12:09:37Z,154.0
2024-06-27T12:09:42Z,152.0
2024-06-27T12:09:47Z,149.0
2024-06-27T12:09:52Z,148.0
2024-06-27T12:09:57Z,147.0
2024-06-27T12:10:02Z,145.0
2024-06-27T12:10:07Z,144.0
2024-06-27T12:10:12Z,142.0
2024-06-27T12:10:17Z,138.0
2024-06-27T12:10:22Z,135.0
2024-06-27T12:10:27Z,133.0
2024-06-27T12:10:37Z,132.0
2024-06-27T12:10:42Z,128.0
2024-06-27T12:10:57Z,128.0
2024-06-27T12:11:07Z,127.0
2024-06-27T12:11:12Z,124.0
2024-06-27T12:11:17Z,126.0
2024-06-27T12:11:22Z,127.0
2024-06-27T12:11:27Z,129.0
2024-06-27T12:11:32Z,126.0
2024-06-27T12:11:37Z,125.0
2024-06-27T12:11:42Z,122.0
