timestamp,beats per minute
2023-11-11T02:21:47Z,36.0
2023-11-11T02:21:52Z,88.0
2023-11-11T02:21:57Z,85.0
2023-11-11T02:22:02Z,87.0
2023-11-11T02:22:07Z,88.0
2023-11-11T02:22:12Z,89.0
2023-11-11T02:22:19Z,86.0
2023-11-11T02:22:24Z,85.0
2023-11-11T02:22:29Z,84.0
2023-11-11T02:22:34Z,85.0
2023-11-11T02:22:39Z,87.0
2023-11-11T02:22:44Z,86.0
2023-11-11T02:22:49Z,85.0
2023-11-11T02:22:59Z,86.0
2023-11-11T02:23:04Z,89.0
2023-11-11T02:23:09Z,87.0
2023-11-11T02:23:14Z,83.0
2023-11-11T02:23:24Z,82.0
2023-11-11T02:23:29Z,80.0
2023-11-11T02:23:34Z,81.0
2023-11-11T02:23:39Z,80.0
2023-11-11T02:23:49Z,81.0
2023-11-11T02:23:59Z,83.0
2023-11-11T02:24:04Z,84.0
2023-11-11T02:24:09Z,85.0
2023-11-11T02:24:24Z,87.0
2023-11-11T02:24:39Z,89.0
2023-11-11T02:24:49Z,87.0
2023-11-11T02:24:54Z,84.0
2023-11-11T02:25:04Z,85.0
2023-11-11T02:25:09Z,87.0
2023-11-11T02:25:14Z,89.0
2023-11-11T02:25:19Z,87.0
2023-11-11T02:25:24Z,87.0
2023-11-11T02:25:29Z,83.0
2023-11-11T02:25:39Z,85.0
2023-11-11T02:25:44Z,82.0
2023-11-11T02:25:49Z,83.0
2023-11-11T02:25:54Z,85.0
2023-11-11T02:25:59Z,86.0
2023-11-11T02:26:04Z,88.0
2023-11-11T02:26:09Z,90.0
2023-11-11T02:26:14Z,91.0
2023-11-11T02:26:19Z,89.0
2023-11-11T02:26:29Z,92.0
2023-11-11T02:26:34Z,94.0
2023-11-11T02:26:39Z,96.0
2023-11-11T02:26:44Z,90.0
2023-11-11T02:26:49Z,92.0
2023-11-11T02:26:54Z,96.0
2023-11-11T02:26:59Z,92.0
2023-11-11T02:27:06Z,90.0
2023-11-11T02:27:11Z,88.0
2023-11-11T02:27:16Z,86.0
2023-11-11T02:27:21Z,90.0
2023-11-11T02:27:26Z,88.0
2023-11-11T02:27:31Z,92.0
2023-11-11T02:27:36Z,90.0
2023-11-11T02:27:41Z,88.0
2023-11-11T02:27:51Z,90.0
2023-11-11T02:27:56Z,91.0
2023-11-11T02:28:01Z,92.0
2023-11-11T02:28:06Z,97.0
2023-11-11T02:28:11Z,104.0
2023-11-11T02:28:16Z,100.0
2023-11-11T02:28:21Z,94.0
2023-11-11T02:28:26Z,91.0
2023-11-11T02:28:31Z,86.0
2023-11-11T02:28:36Z,83.0
2023-11-11T02:28:46Z,87.0
2023-11-11T02:28:51Z,95.0
2023-11-11T02:29:06Z,96.0
2023-11-11T02:29:11Z,94.0
2023-11-11T02:29:21Z,93.0
2023-11-11T02:29:31Z,90.0
2023-11-11T02:29:36Z,92.0
2023-11-11T02:29:41Z,93.0
2023-11-11T02:29:46Z,93.0
2023-11-11T02:29:51Z,92.0
2023-11-11T02:30:01Z,88.0
2023-11-11T02:30:06Z,90.0
2023-11-11T02:30:11Z,99.0
2023-11-11T02:30:21Z,94.0
2023-11-11T02:30:31Z,91.0
2023-11-11T02:30:36Z,92.0
2023-11-11T02:30:41Z,93.0
2023-11-11T02:30:46Z,95.0
2023-11-11T02:31:01Z,93.0
2023-11-11T02:31:06Z,90.0
2023-11-11T02:31:11Z,89.0
2023-11-11T02:31:16Z,87.0
2023-11-11T02:31:21Z,85.0
2023-11-11T02:31:26Z,82.0
2023-11-11T02:31:31Z,81.0
2023-11-11T02:31:36Z,82.0
2023-11-11T02:31:41Z,86.0
2023-11-11T02:31:46Z,89.0
2023-11-11T02:31:51Z,87.0
2023-11-11T02:31:56Z,87.0
2023-11-11T02:32:01Z,87.0
2023-11-11T02:32:06Z,84.0
2023-11-11T02:32:11Z,83.0
2023-11-11T02:32:16Z,84.0
2023-11-11T02:32:21Z,85.0
2023-11-11T02:32:26Z,84.0
2023-11-11T02:32:31Z,85.0
2023-11-11T02:32:36Z,81.0
2023-11-11T02:32:41Z,80.0
2023-11-11T02:32:46Z,82.0
2023-11-11T02:32:51Z,85.0
2023-11-11T02:32:56Z,85.0
2023-11-11T02:33:01Z,84.0
2023-11-11T02:33:06Z,85.0
2023-11-11T02:33:12Z,84.0
2023-11-11T02:33:17Z,87.0
2023-11-11T02:33:22Z,88.0
2023-11-11T02:33:27Z,89.0
2023-11-11T02:33:32Z,88.0
2023-11-11T02:33:42Z,90.0
2023-11-11T02:33:47Z,89.0
2023-11-11T02:33:52Z,89.0
2023-11-11T02:33:57Z,85.0
2023-11-11T02:34:02Z,87.0
2023-11-11T02:34:12Z,88.0
2023-11-11T02:34:17Z,88.0
2023-11-11T02:34:27Z,91.0
2023-11-11T02:34:32Z,92.0
2023-11-11T02:34:37Z,93.0
2023-11-11T02:34:42Z,91.0
2023-11-11T02:34:47Z,88.0
2023-11-11T02:34:52Z,87.0
2023-11-11T02:34:57Z,88.0
2023-11-11T02:35:02Z,87.0
2023-11-11T02:35:07Z,89.0
2023-11-11T02:35:17Z,87.0
2023-11-11T02:35:22Z,86.0
2023-11-11T02:35:27Z,85.0
2023-11-11T02:35:37Z,86.0
2023-11-11T02:35:42Z,83.0
2023-11-11T02:35:57Z,84.0
2023-11-11T02:36:02Z,84.0
2023-11-11T02:36:12Z,86.0
2023-11-11T02:36:17Z,87.0
2023-11-11T02:36:22Z,88.0
2023-11-11T02:36:27Z,87.0
2023-11-11T02:36:32Z,85.0
2023-11-11T02:36:37Z,86.0
2023-11-11T02:36:42Z,82.0
2023-11-11T02:36:47Z,85.0
2023-11-11T02:36:52Z,90.0
2023-11-11T02:36:57Z,92.0
2023-11-11T02:37:02Z,89.0
2023-11-11T02:37:07Z,87.0
2023-11-11T02:37:12Z,89.0
2023-11-11T02:37:17Z,87.0
2023-11-11T02:37:22Z,88.0
2023-11-11T02:37:27Z,87.0
2023-11-11T02:37:32Z,88.0
2023-11-11T02:37:42Z,87.0
2023-11-11T02:37:52Z,86.0
2023-11-11T02:37:57Z,85.0
2023-11-11T02:38:12Z,85.0
2023-11-11T02:38:17Z,88.0
2023-11-11T02:38:22Z,90.0
2023-11-11T02:38:27Z,92.0
2023-11-11T02:38:32Z,89.0
2023-11-11T02:38:42Z,87.0
2023-11-11T02:38:47Z,88.0
2023-11-11T02:38:52Z,89.0
2023-11-11T02:38:57Z,90.0
2023-11-11T02:39:02Z,92.0
2023-11-11T02:39:07Z,93.0
2023-11-11T02:39:12Z,95.0
2023-11-11T02:39:17Z,97.0
2023-11-11T02:39:22Z,90.0
2023-11-11T02:39:27Z,89.0
2023-11-11T02:39:32Z,88.0
2023-11-11T02:39:37Z,89.0
2023-11-11T02:39:42Z,90.0
2023-11-11T02:39:47Z,89.0
2023-11-11T02:39:52Z,87.0
2023-11-11T02:39:57Z,89.0
2023-11-11T02:40:02Z,91.0
2023-11-11T02:40:07Z,90.0
2023-11-11T02:40:17Z,91.0
2023-11-11T02:40:22Z,90.0
2023-11-11T02:40:27Z,89.0
2023-11-11T02:40:32Z,87.0
2023-11-11T02:40:37Z,88.0
2023-11-11T02:40:42Z,87.0
2023-11-11T02:40:47Z,89.0
2023-11-11T02:40:52Z,91.0
2023-11-11T02:40:57Z,90.0
2023-11-11T02:41:07Z,88.0
2023-11-11T02:41:12Z,91.0
2023-11-11T02:41:17Z,93.0
2023-11-11T02:41:22Z,90.0
2023-11-11T02:41:32Z,86.0
2023-11-11T02:41:47Z,85.0
2023-11-11T02:41:52Z,84.0
2023-11-11T02:41:57Z,85.0
2023-11-11T02:42:02Z,86.0
2023-11-11T02:42:07Z,88.0
2023-11-11T02:42:12Z,89.0
2023-11-11T02:42:17Z,91.0
2023-11-11T02:42:27Z,90.0
2023-11-11T02:42:32Z,90.0
2023-11-11T02:42:42Z,88.0
2023-11-11T02:42:47Z,90.0
2023-11-11T02:43:02Z,89.0
2023-11-11T02:43:07Z,88.0
2023-11-11T02:43:12Z,89.0
2023-11-11T02:43:17Z,86.0
2023-11-11T02:43:22Z,85.0
2023-11-11T02:43:27Z,86.0
2023-11-11T02:43:32Z,90.0
2023-11-11T02:43:37Z,91.0
2023-11-11T02:43:42Z,92.0
2023-11-11T02:43:47Z,94.0
2023-11-11T02:43:57Z,95.0
2023-11-11T02:44:02Z,93.0
2023-11-11T02:44:07Z,92.0
2023-11-11T02:44:12Z,91.0
2023-11-11T02:44:17Z,92.0
2023-11-11T02:44:22Z,93.0
2023-11-11T02:44:27Z,97.0
2023-11-11T02:44:32Z,100.0
2023-11-11T02:44:37Z,97.0
2023-11-11T02:44:42Z,95.0
2023-11-11T02:44:47Z,94.0
2023-11-11T02:45:02Z,91.0
2023-11-11T02:45:07Z,90.0
2023-11-11T02:45:12Z,87.0
2023-11-11T02:45:17Z,86.0
2023-11-11T02:45:22Z,88.0
2023-11-11T02:45:27Z,95.0
2023-11-11T02:45:32Z,96.0
2023-11-11T02:45:37Z,94.0
2023-11-11T02:45:42Z,93.0
2023-11-11T02:45:47Z,92.0
2023-11-11T02:45:52Z,87.0
2023-11-11T02:45:57Z,89.0
2023-11-11T02:46:02Z,91.0
2023-11-11T02:46:07Z,90.0
2023-11-11T02:46:12Z,93.0
2023-11-11T02:46:17Z,95.0
2023-11-11T02:46:32Z,95.0
2023-11-11T02:46:47Z,95.0
2023-11-11T02:46:52Z,94.0
2023-11-11T02:46:57Z,95.0
2023-11-11T02:47:07Z,94.0
2023-11-11T02:47:12Z,93.0
2023-11-11T02:47:17Z,92.0
2023-11-11T02:47:22Z,90.0
2023-11-11T02:47:27Z,91.0
2023-11-11T02:47:32Z,90.0
2023-11-11T02:47:37Z,84.0
2023-11-11T02:47:42Z,85.0
2023-11-11T02:47:47Z,90.0
2023-11-11T02:47:52Z,99.0
2023-11-11T02:47:57Z,94.0
2023-11-11T02:48:02Z,90.0
2023-11-11T02:48:12Z,91.0
2023-11-11T02:48:17Z,89.0
2023-11-11T02:48:22Z,87.0
2023-11-11T02:48:27Z,90.0
2023-11-11T02:48:32Z,94.0
2023-11-11T02:48:37Z,95.0
2023-11-11T02:48:42Z,93.0
2023-11-11T02:48:47Z,94.0
2023-11-11T02:48:52Z,95.0
2023-11-11T02:48:57Z,90.0
2023-11-11T02:49:02Z,89.0
2023-11-11T02:49:07Z,92.0
2023-11-11T02:49:12Z,93.0
2023-11-11T02:49:17Z,89.0
2023-11-11T02:49:22Z,87.0
2023-11-11T02:49:27Z,84.0
2023-11-11T02:49:32Z,82.0
2023-11-11T02:49:37Z,83.0
2023-11-11T02:49:42Z,86.0
2023-11-11T02:49:47Z,85.0
2023-11-11T02:49:52Z,83.0
2023-11-11T02:49:57Z,81.0
2023-11-11T02:50:07Z,83.0
2023-11-11T02:50:12Z,84.0
2023-11-11T02:50:17Z,89.0
2023-11-11T02:50:32Z,91.0
2023-11-11T02:50:37Z,89.0
2023-11-11T02:50:42Z,87.0
2023-11-11T02:50:47Z,84.0
2023-11-11T02:50:57Z,83.0
2023-11-11T02:51:07Z,82.0
2023-11-11T02:51:12Z,84.0
2023-11-11T02:51:17Z,86.0
2023-11-11T02:51:22Z,85.0
2023-11-11T02:51:32Z,82.0
2023-11-11T02:51:37Z,80.0
2023-11-11T02:51:42Z,82.0
2023-11-11T02:51:47Z,83.0
2023-11-11T02:51:57Z,83.0
2023-11-11T02:52:02Z,81.0
2023-11-11T02:52:07Z,81.0
2023-11-11T02:52:12Z,80.0
2023-11-11T02:52:17Z,82.0
2023-11-11T02:52:22Z,83.0
2023-11-11T02:52:27Z,82.0
2023-11-11T02:52:37Z,83.0
2023-11-11T02:52:42Z,83.0
2023-11-11T02:52:47Z,85.0
2023-11-11T02:52:52Z,83.0
2023-11-11T02:52:57Z,83.0
2023-11-11T02:53:07Z,85.0
2023-11-11T02:53:12Z,88.0
2023-11-11T02:53:22Z,89.0
2023-11-11T02:53:27Z,87.0
2023-11-11T02:53:32Z,86.0
2023-11-11T02:53:37Z,89.0
2023-11-11T02:53:42Z,87.0
2023-11-11T02:53:47Z,85.0
2023-11-11T02:53:52Z,86.0
2023-11-11T02:53:57Z,92.0
2023-11-11T02:54:02Z,98.0
2023-11-11T02:54:07Z,101.0
2023-11-11T02:54:12Z,99.0
2023-11-11T02:54:17Z,96.0
2023-11-11T02:54:22Z,95.0
2023-11-11T02:54:27Z,96.0
2023-11-11T02:54:32Z,95.0
2023-11-11T02:54:37Z,93.0
2023-11-11T02:54:42Z,92.0
2023-11-11T02:54:47Z,93.0
2023-11-11T02:54:52Z,91.0
2023-11-11T02:54:57Z,89.0
2023-11-11T02:55:02Z,88.0
2023-11-11T02:55:12Z,87.0
2023-11-11T02:55:17Z,86.0
2023-11-11T02:55:22Z,88.0
2023-11-11T02:55:27Z,87.0
2023-11-11T02:55:32Z,89.0
2023-11-11T02:55:37Z,94.0
2023-11-11T02:55:42Z,95.0
2023-11-11T02:55:52Z,92.0
2023-11-11T02:55:57Z,90.0
2023-11-11T02:56:02Z,88.0
2023-11-11T02:56:07Z,91.0
2023-11-11T02:56:12Z,90.0
2023-11-11T02:56:27Z,87.0
2023-11-11T02:56:32Z,88.0
2023-11-11T02:56:37Z,90.0
2023-11-11T02:56:42Z,88.0
2023-11-11T02:56:52Z,90.0
2023-11-11T02:56:57Z,88.0
2023-11-11T02:57:02Z,89.0
2023-11-11T02:57:07Z,91.0
2023-11-11T02:57:12Z,90.0
2023-11-11T02:57:17Z,89.0
2023-11-11T02:57:22Z,91.0
2023-11-11T02:57:27Z,92.0
2023-11-11T02:57:32Z,93.0
2023-11-11T02:57:37Z,90.0
2023-11-11T02:57:42Z,87.0
2023-11-11T02:57:47Z,86.0
2023-11-11T02:58:02Z,87.0
2023-11-11T02:58:07Z,88.0
2023-11-11T02:58:12Z,89.0
2023-11-11T02:58:22Z,87.0
2023-11-11T02:58:27Z,88.0
2023-11-11T02:58:32Z,90.0
2023-11-11T02:58:37Z,94.0
2023-11-11T02:58:47Z,92.0
2023-11-11T02:58:52Z,93.0
2023-11-11T02:59:02Z,95.0
2023-11-11T02:59:07Z,96.0
2023-11-11T02:59:12Z,94.0
2023-11-11T02:59:22Z,95.0
2023-11-11T02:59:27Z,94.0
2023-11-11T02:59:32Z,92.0
2023-11-11T02:59:42Z,91.0
2023-11-11T02:59:47Z,92.0
2023-11-11T02:59:52Z,94.0
2023-11-11T03:00:02Z,93.0
2023-11-11T03:00:07Z,93.0
2023-11-11T03:00:12Z,91.0
2023-11-11T03:00:17Z,89.0
2023-11-11T03:00:22Z,87.0
2023-11-11T03:00:27Z,83.0
2023-11-11T03:00:32Z,81.0
2023-11-11T03:00:37Z,80.0
2023-11-11T03:00:47Z,84.0
2023-11-11T03:00:52Z,87.0
2023-11-11T03:00:57Z,89.0
2023-11-11T03:01:02Z,91.0
2023-11-11T03:01:07Z,93.0
2023-11-11T03:01:12Z,98.0
2023-11-11T03:01:17Z,95.0
2023-11-11T03:01:22Z,90.0
2023-11-11T03:01:27Z,91.0
2023-11-11T03:01:37Z,93.0
2023-11-11T03:01:47Z,98.0
2023-11-11T03:01:52Z,101.0
2023-11-11T03:01:57Z,98.0
2023-11-11T03:02:02Z,96.0
2023-11-11T03:02:07Z,97.0
2023-11-11T03:02:12Z,99.0
2023-11-11T03:02:17Z,95.0
2023-11-11T03:02:22Z,91.0
2023-11-11T03:02:27Z,88.0
2023-11-11T03:02:32Z,83.0
2023-11-11T03:02:37Z,82.0
2023-11-11T03:02:42Z,82.0
2023-11-11T03:02:47Z,83.0
2023-11-11T03:02:52Z,80.0
2023-11-11T03:02:57Z,79.0
2023-11-11T03:03:02Z,80.0
2023-11-11T03:03:12Z,82.0
2023-11-11T03:03:17Z,80.0
2023-11-11T03:03:22Z,79.0
2023-11-11T03:03:37Z,81.0
2023-11-11T03:03:42Z,82.0
2023-11-11T03:03:47Z,81.0
2023-11-11T03:03:57Z,81.0
2023-11-11T03:04:02Z,85.0
2023-11-11T03:04:07Z,87.0
2023-11-11T03:04:12Z,85.0
2023-11-11T03:04:17Z,84.0
2023-11-11T03:04:22Z,83.0
2023-11-11T03:04:27Z,84.0
2023-11-11T03:04:32Z,87.0
2023-11-11T03:04:37Z,88.0
2023-11-11T03:04:42Z,87.0
2023-11-11T03:04:47Z,84.0
2023-11-11T03:05:02Z,87.0
2023-11-11T03:05:07Z,91.0
2023-11-11T03:05:12Z,88.0
2023-11-11T03:05:17Z,84.0
2023-11-11T03:05:22Z,82.0
2023-11-11T03:05:27Z,81.0
2023-11-11T03:05:37Z,84.0
2023-11-11T03:05:42Z,86.0
2023-11-11T03:05:47Z,84.0
2023-11-11T03:05:52Z,83.0
2023-11-11T03:05:57Z,82.0
2023-11-11T03:06:02Z,83.0
2023-11-11T03:06:12Z,82.0
2023-11-11T03:06:17Z,83.0
2023-11-11T03:06:22Z,84.0
2023-11-11T03:06:27Z,83.0
2023-11-11T03:06:32Z,82.0
2023-11-11T03:06:47Z,81.0
2023-11-11T03:06:57Z,82.0
2023-11-11T03:07:02Z,84.0
2023-11-11T03:07:07Z,83.0
2023-11-11T03:07:12Z,82.0
2023-11-11T03:07:17Z,81.0
2023-11-11T03:07:22Z,83.0
2023-11-11T03:07:27Z,84.0
2023-11-11T03:07:32Z,83.0
2023-11-11T03:07:37Z,82.0
2023-11-11T03:07:42Z,81.0
2023-11-11T03:07:47Z,82.0
2023-11-11T03:07:52Z,80.0
2023-11-11T03:08:02Z,81.0
2023-11-11T03:08:07Z,82.0
2023-11-11T03:08:12Z,82.0
2023-11-11T03:08:17Z,84.0
2023-11-11T03:08:22Z,84.0
2023-11-11T03:08:27Z,83.0
2023-11-11T03:08:32Z,86.0
2023-11-11T03:08:37Z,91.0
2023-11-11T03:08:42Z,93.0
2023-11-11T03:08:47Z,91.0
2023-11-11T03:08:52Z,83.0
2023-11-11T03:08:57Z,81.0
2023-11-11T03:09:07Z,82.0
2023-11-11T03:09:12Z,83.0
2023-11-11T03:09:17Z,82.0
2023-11-11T03:09:22Z,81.0
2023-11-11T03:09:27Z,82.0
2023-11-11T03:09:32Z,83.0
2023-11-11T03:09:37Z,83.0
2023-11-11T03:09:47Z,82.0
2023-11-11T03:09:52Z,82.0
2023-11-11T03:09:57Z,86.0
2023-11-11T03:10:02Z,89.0
2023-11-11T03:10:07Z,90.0
2023-11-11T03:10:12Z,87.0
2023-11-11T03:10:28Z,92.0
2023-11-11T03:10:38Z,91.0
2023-11-11T03:10:43Z,92.0
2023-11-11T03:10:48Z,89.0
2023-11-11T03:10:53Z,87.0
2023-11-11T03:10:58Z,86.0
2023-11-11T03:11:03Z,85.0
2023-11-11T03:11:08Z,86.0
2023-11-11T03:11:19Z,89.0
2023-11-11T03:11:24Z,88.0
2023-11-11T03:11:29Z,89.0
2023-11-11T03:11:34Z,88.0
2023-11-11T03:11:49Z,89.0
2023-11-11T03:11:54Z,88.0
2023-11-11T03:11:59Z,86.0
2023-11-11T03:12:04Z,84.0
2023-11-11T03:12:09Z,85.0
2023-11-11T03:12:14Z,86.0
2023-11-11T03:12:24Z,83.0
2023-11-11T03:12:29Z,83.0
2023-11-11T03:12:34Z,84.0
2023-11-11T03:12:39Z,85.0
2023-11-11T03:12:44Z,84.0
2023-11-11T03:12:49Z,85.0
2023-11-11T03:13:04Z,84.0
2023-11-11T03:13:09Z,86.0
2023-11-11T03:13:19Z,87.0
2023-11-11T03:13:24Z,88.0
2023-11-11T03:13:34Z,87.0
2023-11-11T03:13:39Z,86.0
2023-11-11T03:13:49Z,85.0
2023-11-11T03:13:54Z,86.0
2023-11-11T03:14:04Z,88.0
2023-11-11T03:14:09Z,87.0
2023-11-11T03:14:14Z,85.0
2023-11-11T03:14:19Z,83.0
2023-11-11T03:14:24Z,82.0
2023-11-11T03:14:29Z,84.0
2023-11-11T03:14:34Z,83.0
2023-11-11T03:14:39Z,81.0
2023-11-11T03:14:54Z,82.0
2023-11-11T03:14:59Z,82.0
2023-11-11T03:15:04Z,84.0
2023-11-11T03:15:09Z,86.0
2023-11-11T03:15:14Z,84.0
2023-11-11T03:15:19Z,83.0
2023-11-11T03:15:24Z,85.0
2023-11-11T03:15:29Z,84.0
2023-11-11T03:15:34Z,85.0
2023-11-11T03:15:39Z,81.0
2023-11-11T03:15:44Z,79.0
2023-11-11T03:15:49Z,81.0
2023-11-11T03:15:54Z,84.0
2023-11-11T03:16:09Z,85.0
2023-11-11T03:16:14Z,88.0
2023-11-11T03:16:19Z,93.0
2023-11-11T03:16:24Z,88.0
2023-11-11T03:16:29Z,83.0
2023-11-11T03:16:34Z,82.0
2023-11-11T03:16:39Z,86.0
2023-11-11T03:16:44Z,83.0
2023-11-11T03:16:49Z,80.0
2023-11-11T03:16:54Z,79.0
2023-11-11T03:17:04Z,79.0
2023-11-11T03:17:14Z,79.0
2023-11-11T03:17:19Z,80.0
2023-11-11T03:17:24Z,81.0
2023-11-11T03:17:29Z,87.0
2023-11-11T03:17:34Z,88.0
2023-11-11T03:17:39Z,85.0
2023-11-11T03:17:44Z,83.0
2023-11-11T03:17:49Z,85.0
2023-11-11T03:17:54Z,88.0
2023-11-11T03:17:59Z,86.0
2023-11-11T03:18:04Z,83.0
2023-11-11T03:18:09Z,82.0
2023-11-11T03:18:19Z,81.0
2023-11-11T03:18:24Z,82.0
2023-11-11T03:18:29Z,84.0
2023-11-11T03:18:34Z,83.0
2023-11-11T03:18:39Z,83.0
2023-11-11T03:18:44Z,82.0
2023-11-11T03:18:49Z,81.0
2023-11-11T03:18:54Z,80.0
2023-11-11T03:19:04Z,78.0
2023-11-11T03:19:14Z,79.0
2023-11-11T03:19:19Z,78.0
2023-11-11T03:19:29Z,79.0
2023-11-11T03:19:34Z,82.0
2023-11-11T03:19:39Z,89.0
2023-11-11T03:19:44Z,93.0
2023-11-11T03:19:49Z,91.0
2023-11-11T03:19:54Z,92.0
2023-11-11T03:20:09Z,90.0
2023-11-11T03:20:14Z,93.0
2023-11-11T03:20:19Z,90.0
2023-11-11T03:20:24Z,85.0
2023-11-11T03:20:29Z,83.0
2023-11-11T03:20:34Z,81.0
2023-11-11T03:20:39Z,82.0
2023-11-11T03:20:44Z,86.0
2023-11-11T03:20:54Z,86.0
2023-11-11T03:20:59Z,84.0
2023-11-11T03:21:14Z,83.0
2023-11-11T03:21:19Z,81.0
2023-11-11T03:21:24Z,80.0
2023-11-11T03:21:29Z,79.0
2023-11-11T03:21:44Z,79.0
2023-11-11T03:21:54Z,81.0
2023-11-11T03:22:04Z,82.0
2023-11-11T03:22:19Z,83.0
2023-11-11T03:22:25Z,85.0
2023-11-11T03:22:30Z,88.0
2023-11-11T03:22:35Z,87.0
2023-11-11T03:22:40Z,84.0
2023-11-11T03:22:45Z,82.0
2023-11-11T03:22:55Z,83.0
2023-11-11T03:23:00Z,82.0
2023-11-11T03:23:10Z,81.0
2023-11-11T03:23:15Z,80.0
2023-11-11T03:23:20Z,81.0
2023-11-11T03:23:25Z,82.0
2023-11-11T03:23:40Z,81.0
2023-11-11T03:23:50Z,82.0
2023-11-11T03:24:00Z,83.0
2023-11-11T03:24:05Z,86.0
2023-11-11T03:24:10Z,88.0
2023-11-11T03:24:15Z,89.0
2023-11-11T03:24:20Z,90.0
2023-11-11T03:24:25Z,91.0
2023-11-11T03:24:30Z,90.0
2023-11-11T03:24:40Z,89.0
2023-11-11T03:24:45Z,86.0
2023-11-11T03:24:50Z,84.0
2023-11-11T03:24:55Z,83.0
2023-11-11T03:25:00Z,82.0
2023-11-11T03:25:05Z,84.0
2023-11-11T03:25:10Z,92.0
2023-11-11T03:25:15Z,97.0
2023-11-11T03:25:25Z,90.0
2023-11-11T03:25:30Z,88.0
2023-11-11T03:25:35Z,87.0
2023-11-11T03:25:40Z,86.0
2023-11-11T03:25:45Z,88.0
2023-11-11T03:25:50Z,89.0
2023-11-11T03:25:55Z,87.0
2023-11-11T03:26:00Z,88.0
2023-11-11T03:26:05Z,89.0
2023-11-11T03:26:10Z,88.0
2023-11-11T03:26:15Z,85.0
2023-11-11T03:26:20Z,86.0
2023-11-11T03:26:25Z,88.0
2023-11-11T03:26:30Z,90.0
2023-11-11T03:26:35Z,89.0
2023-11-11T03:26:40Z,90.0
2023-11-11T03:26:45Z,91.0
2023-11-11T03:26:50Z,86.0
2023-11-11T03:26:55Z,87.0
2023-11-11T03:27:05Z,86.0
2023-11-11T03:27:10Z,87.0
2023-11-11T03:27:15Z,88.0
2023-11-11T03:27:20Z,89.0
2023-11-11T03:27:30Z,88.0
2023-11-11T03:27:35Z,89.0
2023-11-11T03:27:40Z,89.0
2023-11-11T03:27:45Z,91.0
2023-11-11T03:27:55Z,92.0
2023-11-11T03:28:00Z,88.0
2023-11-11T03:28:10Z,86.0
2023-11-11T03:28:16Z,85.0
2023-11-11T03:28:21Z,90.0
2023-11-11T03:28:26Z,91.0
2023-11-11T03:28:31Z,92.0
2023-11-11T03:28:36Z,93.0
2023-11-11T03:28:41Z,95.0
2023-11-11T03:28:46Z,101.0
2023-11-11T03:28:51Z,98.0
2023-11-11T03:28:58Z,95.0
2023-11-11T03:29:03Z,98.0
2023-11-11T03:29:08Z,100.0
2023-11-11T03:29:23Z,95.0
2023-11-11T03:29:28Z,93.0
2023-11-11T03:29:38Z,98.0
2023-11-11T03:29:43Z,100.0
2023-11-11T03:29:48Z,101.0
2023-11-11T03:29:58Z,99.0
2023-11-11T03:30:03Z,98.0
2023-11-11T03:30:08Z,97.0
2023-11-11T03:30:13Z,94.0
2023-11-11T03:30:18Z,91.0
2023-11-11T03:30:28Z,90.0
2023-11-11T03:30:33Z,91.0
2023-11-11T03:30:38Z,94.0
2023-11-11T03:30:43Z,92.0
2023-11-11T03:30:48Z,90.0
2023-11-11T03:30:53Z,87.0
2023-11-11T03:30:58Z,84.0
2023-11-11T03:31:03Z,83.0
2023-11-11T03:31:08Z,84.0
2023-11-11T03:31:18Z,85.0
2023-11-11T03:31:23Z,86.0
2023-11-11T03:31:28Z,85.0
2023-11-11T03:31:38Z,83.0
2023-11-11T03:31:43Z,84.0
2023-11-11T03:31:48Z,86.0
2023-11-11T03:31:53Z,90.0
2023-11-11T03:31:58Z,91.0
2023-11-11T03:32:03Z,89.0
2023-11-11T03:32:08Z,86.0
2023-11-11T03:32:13Z,88.0
2023-11-11T03:32:18Z,91.0
2023-11-11T03:32:33Z,91.0
2023-11-11T03:32:38Z,92.0
2023-11-11T03:32:48Z,94.0
2023-11-11T03:32:58Z,81.0
2023-11-11T03:33:03Z,79.0
2023-11-11T03:33:08Z,80.0
2023-11-11T03:33:13Z,82.0
2023-11-11T03:33:18Z,83.0
2023-11-11T03:33:23Z,85.0
2023-11-11T03:33:33Z,86.0
2023-11-11T03:33:43Z,85.0
2023-11-11T03:33:53Z,87.0
2023-11-11T03:33:58Z,88.0
2023-11-11T03:34:03Z,87.0
2023-11-11T03:34:08Z,88.0
2023-11-11T03:34:13Z,90.0
2023-11-11T03:34:18Z,88.0
2023-11-11T03:34:23Z,86.0
2023-11-11T03:34:28Z,87.0
2023-11-11T03:34:33Z,87.0
2023-11-11T03:34:38Z,85.0
2023-11-11T03:34:43Z,84.0
2023-11-11T03:34:48Z,83.0
2023-11-11T03:34:53Z,84.0
2023-11-11T03:34:58Z,85.0
2023-11-11T03:35:13Z,85.0
2023-11-11T03:35:18Z,86.0
2023-11-11T03:35:28Z,88.0
2023-11-11T03:35:33Z,92.0
2023-11-11T03:35:38Z,93.0
2023-11-11T03:35:53Z,93.0
2023-11-11T03:36:03Z,96.0
2023-11-11T03:36:08Z,97.0
2023-11-11T03:36:13Z,89.0
2023-11-11T03:36:18Z,95.0
2023-11-11T03:36:23Z,99.0
2023-11-11T03:36:28Z,100.0
2023-11-11T03:36:33Z,99.0
2023-11-11T03:36:38Z,97.0
2023-11-11T03:36:43Z,95.0
2023-11-11T03:36:48Z,94.0
2023-11-11T03:36:58Z,92.0
2023-11-11T03:37:03Z,91.0
2023-11-11T03:37:08Z,92.0
2023-11-11T03:37:13Z,93.0
2023-11-11T03:37:18Z,92.0
2023-11-11T03:37:23Z,92.0
2023-11-11T03:37:38Z,93.0
2023-11-11T03:37:43Z,94.0
2023-11-11T03:37:58Z,94.0
2023-11-11T03:38:03Z,95.0
2023-11-11T03:38:08Z,96.0
2023-11-11T03:38:18Z,93.0
2023-11-11T03:38:28Z,91.0
2023-11-11T03:38:33Z,92.0
2023-11-11T03:38:38Z,93.0
2023-11-11T03:38:43Z,96.0
2023-11-11T03:38:48Z,92.0
2023-11-11T03:38:53Z,90.0
2023-11-11T03:38:58Z,92.0
2023-11-11T03:39:03Z,91.0
2023-11-11T03:39:13Z,92.0
2023-11-11T03:39:18Z,95.0
2023-11-11T03:39:23Z,94.0
2023-11-11T03:39:28Z,92.0
2023-11-11T03:39:38Z,90.0
2023-11-11T03:39:43Z,91.0
2023-11-11T03:39:53Z,89.0
2023-11-11T03:39:58Z,90.0
2023-11-11T03:40:03Z,91.0
2023-11-11T03:40:08Z,90.0
2023-11-11T03:40:18Z,89.0
2023-11-11T03:40:23Z,87.0
2023-11-11T03:40:28Z,87.0
2023-11-11T03:40:43Z,91.0
2023-11-11T03:40:48Z,90.0
2023-11-11T03:40:53Z,89.0
2023-11-11T03:40:58Z,85.0
2023-11-11T03:41:08Z,89.0
2023-11-11T03:41:18Z,91.0
2023-11-11T03:41:23Z,89.0
2023-11-11T03:41:28Z,86.0
2023-11-11T03:41:33Z,84.0
2023-11-11T03:41:38Z,83.0
2023-11-11T03:41:48Z,82.0
2023-11-11T03:41:53Z,83.0
2023-11-11T03:41:58Z,85.0
2023-11-11T03:42:03Z,86.0
2023-11-11T03:42:13Z,83.0
2023-11-11T03:42:18Z,82.0
2023-11-11T03:42:33Z,80.0
2023-11-11T03:42:38Z,80.0
2023-11-11T03:42:43Z,85.0
2023-11-11T03:42:48Z,85.0
2023-11-11T03:42:58Z,84.0
2023-11-11T03:43:03Z,83.0
2023-11-11T03:43:08Z,88.0
2023-11-11T03:43:13Z,86.0
2023-11-11T03:43:18Z,85.0
2023-11-11T03:43:23Z,86.0
2023-11-11T03:43:28Z,88.0
2023-11-11T03:43:33Z,91.0
2023-11-11T03:43:38Z,91.0
2023-11-11T03:43:43Z,90.0
2023-11-11T03:43:53Z,88.0
2023-11-11T03:44:03Z,92.0
2023-11-11T03:44:13Z,87.0
2023-11-11T03:44:18Z,83.0
2023-11-11T03:44:23Z,80.0
2023-11-11T03:44:28Z,81.0
2023-11-11T03:44:38Z,82.0
2023-11-11T03:44:48Z,83.0
2023-11-11T03:44:53Z,84.0
2023-11-11T03:44:58Z,83.0
2023-11-11T03:45:03Z,81.0
2023-11-11T03:45:13Z,82.0
2023-11-11T03:45:18Z,83.0
2023-11-11T03:45:23Z,84.0
2023-11-11T03:45:28Z,85.0
2023-11-11T03:45:33Z,86.0
2023-11-11T03:45:38Z,90.0
2023-11-11T03:45:43Z,94.0
2023-11-11T03:45:48Z,98.0
2023-11-11T03:45:58Z,91.0
2023-11-11T03:46:03Z,93.0
2023-11-11T03:46:08Z,92.0
2023-11-11T03:46:13Z,90.0
2023-11-11T03:46:18Z,89.0
2023-11-11T03:46:23Z,93.0
2023-11-11T03:46:28Z,92.0
2023-11-11T03:46:38Z,91.0
2023-11-11T03:46:43Z,90.0
2023-11-11T03:46:48Z,88.0
2023-11-11T03:46:54Z,87.0
2023-11-11T03:46:59Z,88.0
2023-11-11T03:47:09Z,89.0
2023-11-11T03:47:25Z,92.0
2023-11-11T03:47:30Z,94.0
2023-11-11T03:47:35Z,96.0
2023-11-11T03:47:40Z,95.0
2023-11-11T03:47:45Z,93.0
2023-11-11T03:48:00Z,91.0
2023-11-11T03:48:10Z,94.0
2023-11-11T03:48:15Z,95.0
2023-11-11T03:48:20Z,97.0
2023-11-11T03:48:25Z,94.0
2023-11-11T03:48:30Z,95.0
2023-11-11T03:48:35Z,92.0
2023-11-11T03:48:40Z,88.0
2023-11-11T03:48:45Z,87.0
2023-11-11T03:48:51Z,87.0
2023-11-11T03:48:56Z,88.0
2023-11-11T03:49:01Z,89.0
2023-11-11T03:49:11Z,86.0
2023-11-11T03:49:27Z,84.0
2023-11-11T03:49:32Z,85.0
2023-11-11T03:49:42Z,87.0
2023-11-11T03:49:52Z,86.0
2023-11-11T03:50:02Z,87.0
2023-11-11T03:50:07Z,88.0
2023-11-11T03:50:17Z,89.0
2023-11-11T03:50:22Z,90.0
2023-11-11T03:50:27Z,88.0
2023-11-11T03:50:32Z,89.0
2023-11-11T03:50:37Z,87.0
2023-11-11T03:50:42Z,88.0
2023-11-11T03:50:47Z,92.0
2023-11-11T03:50:52Z,93.0
2023-11-11T03:50:57Z,92.0
2023-11-11T03:51:07Z,93.0
2023-11-11T03:51:12Z,96.0
2023-11-11T03:51:17Z,94.0
2023-11-11T03:51:22Z,89.0
2023-11-11T03:51:32Z,86.0
2023-11-11T03:51:47Z,87.0
2023-11-11T03:51:58Z,84.0
2023-11-11T03:52:03Z,86.0
2023-11-11T03:52:08Z,88.0
2023-11-11T03:52:13Z,89.0
2023-11-11T03:52:23Z,88.0
2023-11-11T03:52:28Z,90.0
2023-11-11T03:52:33Z,89.0
2023-11-11T03:52:43Z,87.0
2023-11-11T03:52:48Z,88.0
2023-11-11T03:52:53Z,89.0
2023-11-11T03:52:58Z,90.0
2023-11-11T03:53:03Z,91.0
2023-11-11T03:53:13Z,92.0
2023-11-11T03:53:23Z,94.0
2023-11-11T03:53:28Z,97.0
2023-11-11T03:53:33Z,98.0
2023-11-11T03:53:38Z,92.0
2023-11-11T03:53:43Z,89.0
2023-11-11T03:53:53Z,86.0
2023-11-11T03:53:58Z,85.0
2023-11-11T03:54:03Z,82.0
2023-11-11T03:54:08Z,83.0
2023-11-11T03:54:13Z,84.0
2023-11-11T03:54:18Z,86.0
2023-11-11T03:54:28Z,83.0
2023-11-11T03:54:38Z,82.0
2023-11-11T03:54:53Z,83.0
2023-11-11T03:54:58Z,83.0
2023-11-11T03:55:03Z,81.0
2023-11-11T03:55:08Z,82.0
2023-11-11T03:55:13Z,81.0
2023-11-11T03:55:23Z,82.0
2023-11-11T03:55:28Z,83.0
2023-11-11T03:55:33Z,82.0
2023-11-11T03:55:38Z,80.0
2023-11-11T03:55:43Z,81.0
2023-11-11T03:55:48Z,82.0
2023-11-11T03:55:58Z,81.0
2023-11-11T03:56:03Z,80.0
2023-11-11T03:56:13Z,82.0
2023-11-11T03:56:18Z,84.0
2023-11-11T03:56:23Z,83.0
2023-11-11T03:56:28Z,89.0
2023-11-11T03:56:33Z,91.0
2023-11-11T03:56:38Z,94.0
2023-11-11T03:56:43Z,95.0
2023-11-11T03:56:48Z,96.0
2023-11-11T03:56:58Z,95.0
2023-11-11T03:57:03Z,91.0
2023-11-11T03:57:08Z,86.0
2023-11-11T03:57:13Z,84.0
2023-11-11T03:57:23Z,83.0
2023-11-11T03:57:28Z,82.0
2023-11-11T03:57:38Z,81.0
2023-11-11T03:57:43Z,81.0
2023-11-11T03:57:48Z,83.0
2023-11-11T03:57:53Z,82.0
2023-11-11T03:58:03Z,83.0
2023-11-11T03:58:08Z,84.0
2023-11-11T03:58:13Z,81.0
2023-11-11T03:58:18Z,80.0
2023-11-11T03:58:23Z,80.0
2023-11-11T03:58:33Z,83.0
2023-11-11T03:58:43Z,81.0
2023-11-11T03:58:48Z,80.0
2023-11-11T03:59:03Z,80.0
2023-11-11T03:59:08Z,80.0
2023-11-11T03:59:13Z,79.0
2023-11-11T03:59:18Z,80.0
2023-11-11T03:59:23Z,82.0
2023-11-11T03:59:28Z,84.0
2023-11-11T03:59:33Z,80.0
2023-11-11T03:59:48Z,78.0
2023-11-11T03:59:53Z,78.0
2023-11-11T04:00:08Z,80.0
2023-11-11T04:00:13Z,83.0
2023-11-11T04:00:18Z,85.0
2023-11-11T04:00:23Z,83.0
2023-11-11T04:00:28Z,87.0
2023-11-11T04:00:33Z,83.0
2023-11-11T04:00:38Z,80.0
2023-11-11T04:00:43Z,80.0
2023-11-11T04:00:48Z,82.0
2023-11-11T04:00:53Z,81.0
2023-11-11T04:00:58Z,80.0
2023-11-11T04:01:03Z,81.0
2023-11-11T04:01:08Z,82.0
2023-11-11T04:01:13Z,86.0
2023-11-11T04:01:18Z,91.0
2023-11-11T04:01:23Z,88.0
2023-11-11T04:01:28Z,88.0
2023-11-11T04:01:33Z,82.0
2023-11-11T04:01:38Z,80.0
2023-11-11T04:01:43Z,82.0
2023-11-11T04:01:48Z,83.0
2023-11-11T04:01:53Z,85.0
2023-11-11T04:01:58Z,87.0
2023-11-11T04:02:03Z,90.0
2023-11-11T04:02:08Z,92.0
2023-11-11T04:02:13Z,94.0
2023-11-11T04:02:18Z,93.0
2023-11-11T04:02:23Z,89.0
2023-11-11T04:02:28Z,94.0
2023-11-11T04:02:33Z,83.0
2023-11-11T04:02:38Z,77.0
2023-11-11T04:02:43Z,76.0
2023-11-11T04:02:48Z,77.0
2023-11-11T04:02:53Z,79.0
2023-11-11T04:02:58Z,84.0
2023-11-11T04:03:03Z,87.0
2023-11-11T04:03:08Z,89.0
2023-11-11T04:03:13Z,93.0
2023-11-11T04:03:23Z,89.0
2023-11-11T04:03:28Z,86.0
2023-11-11T04:03:33Z,84.0
2023-11-11T04:03:38Z,82.0
2023-11-11T04:03:48Z,81.0
2023-11-11T04:03:53Z,79.0
2023-11-11T04:03:58Z,76.0
2023-11-11T04:04:08Z,72.0
2023-11-11T04:04:13Z,70.0
2023-11-11T04:04:18Z,70.0
2023-11-11T04:04:23Z,73.0
2023-11-11T04:04:28Z,77.0
2023-11-11T04:04:33Z,82.0
2023-11-11T04:04:38Z,84.0
2023-11-11T04:04:43Z,87.0
2023-11-11T04:04:48Z,89.0
2023-11-11T04:04:53Z,92.0
2023-11-11T04:04:58Z,93.0
2023-11-11T04:05:08Z,92.0
2023-11-11T04:05:13Z,91.0
2023-11-11T04:05:18Z,86.0
2023-11-11T04:05:23Z,84.0
2023-11-11T04:05:28Z,83.0
2023-11-11T04:05:33Z,83.0
2023-11-11T04:05:43Z,86.0
2023-11-11T04:05:48Z,92.0
2023-11-11T04:05:53Z,93.0
2023-11-11T04:05:58Z,91.0
2023-11-11T04:06:03Z,84.0
2023-11-11T04:06:08Z,82.0
2023-11-11T04:06:13Z,81.0
2023-11-11T04:06:18Z,80.0
2023-11-11T04:06:23Z,86.0
2023-11-11T04:06:28Z,94.0
2023-11-11T04:06:34Z,97.0
2023-11-11T04:06:39Z,85.0
2023-11-11T04:06:44Z,83.0
2023-11-11T04:06:49Z,85.0
2023-11-11T04:06:54Z,88.0
2023-11-11T04:06:59Z,85.0
2023-11-11T04:07:09Z,88.0
2023-11-11T04:07:14Z,86.0
2023-11-11T04:07:19Z,95.0
2023-11-11T04:07:34Z,93.0
2023-11-11T04:07:39Z,95.0
2023-11-11T04:07:44Z,94.0
2023-11-11T04:07:49Z,95.0
2023-11-11T04:07:54Z,96.0
2023-11-11T04:07:59Z,95.0
2023-11-11T04:08:14Z,93.0
2023-11-11T04:08:19Z,89.0
2023-11-11T04:08:29Z,91.0
2023-11-11T04:08:34Z,92.0
2023-11-11T04:08:39Z,91.0
2023-11-11T04:08:44Z,89.0
2023-11-11T04:08:49Z,85.0
2023-11-11T04:08:54Z,86.0
2023-11-11T04:08:59Z,93.0
2023-11-11T04:09:04Z,92.0
2023-11-11T04:09:09Z,93.0
2023-11-11T04:09:19Z,91.0
2023-11-11T04:09:24Z,92.0
2023-11-11T04:09:29Z,93.0
2023-11-11T04:09:34Z,91.0
2023-11-11T04:09:39Z,88.0
2023-11-11T04:09:54Z,87.0
2023-11-11T04:09:59Z,86.0
2023-11-11T04:10:04Z,88.0
2023-11-11T04:10:14Z,91.0
2023-11-11T04:10:19Z,93.0
2023-11-11T04:10:24Z,94.0
2023-11-11T04:10:34Z,93.0
2023-11-11T04:10:39Z,91.0
2023-11-11T04:10:44Z,88.0
2023-11-11T04:10:54Z,89.0
2023-11-11T04:10:59Z,86.0
2023-11-11T04:11:04Z,87.0
2023-11-11T04:11:09Z,86.0
2023-11-11T04:11:14Z,89.0
2023-11-11T04:11:19Z,90.0
2023-11-11T04:11:34Z,89.0
2023-11-11T04:11:39Z,88.0
2023-11-11T04:11:44Z,90.0
2023-11-11T04:11:49Z,93.0
2023-11-11T04:11:54Z,96.0
2023-11-11T04:11:59Z,93.0
2023-11-11T04:12:04Z,90.0
2023-11-11T04:12:09Z,87.0
2023-11-11T04:12:14Z,86.0
2023-11-11T04:12:19Z,87.0
2023-11-11T04:12:24Z,90.0
2023-11-11T04:12:29Z,89.0
2023-11-11T04:12:34Z,88.0
2023-11-11T04:12:39Z,86.0
2023-11-11T04:12:44Z,82.0
2023-11-11T04:12:59Z,80.0
2023-11-11T04:13:09Z,83.0
2023-11-11T04:13:14Z,81.0
2023-11-11T04:13:19Z,79.0
2023-11-11T04:13:24Z,80.0
2023-11-11T04:13:34Z,79.0
2023-11-11T04:13:49Z,78.0
2023-11-11T04:13:54Z,78.0
2023-11-11T04:13:59Z,78.0
2023-11-11T04:14:04Z,81.0
2023-11-11T04:14:09Z,80.0
2023-11-11T04:14:14Z,79.0
2023-11-11T04:14:19Z,80.0
2023-11-11T04:14:24Z,81.0
2023-11-11T04:14:29Z,80.0
2023-11-11T04:14:34Z,78.0
2023-11-11T04:14:44Z,80.0
2023-11-11T04:14:49Z,83.0
2023-11-11T04:14:54Z,80.0
2023-11-11T04:14:59Z,80.0
2023-11-11T04:15:04Z,79.0
2023-11-11T04:15:09Z,80.0
2023-11-11T04:15:14Z,79.0
2023-11-11T04:15:19Z,77.0
2023-11-11T04:15:24Z,75.0
2023-11-11T04:15:39Z,76.0
2023-11-11T04:15:44Z,77.0
2023-11-11T04:15:49Z,76.0
2023-11-11T04:15:54Z,77.0
2023-11-11T04:15:59Z,80.0
2023-11-11T04:16:04Z,81.0
2023-11-11T04:16:09Z,82.0
2023-11-11T04:16:14Z,84.0
2023-11-11T04:16:19Z,83.0
2023-11-11T04:16:29Z,84.0
2023-11-11T04:16:34Z,81.0
2023-11-11T04:16:39Z,79.0
2023-11-11T04:16:44Z,80.0
2023-11-11T04:16:49Z,83.0
2023-11-11T04:16:54Z,78.0
2023-11-11T04:17:04Z,81.0
2023-11-11T04:17:14Z,82.0
2023-11-11T04:17:19Z,91.0
2023-11-11T04:17:24Z,92.0
2023-11-11T04:17:29Z,92.0
2023-11-11T04:17:34Z,94.0
2023-11-11T04:17:39Z,88.0
2023-11-11T04:17:44Z,85.0
2023-11-11T04:17:49Z,83.0
2023-11-11T04:17:54Z,79.0
2023-11-11T04:17:59Z,78.0
2023-11-11T04:18:04Z,77.0
2023-11-11T04:18:09Z,82.0
2023-11-11T04:18:14Z,85.0
2023-11-11T04:18:19Z,85.0
2023-11-11T04:18:24Z,88.0
2023-11-11T04:18:29Z,86.0
2023-11-11T04:18:34Z,80.0
2023-11-11T04:18:39Z,79.0
2023-11-11T04:18:44Z,77.0
2023-11-11T04:18:49Z,75.0
2023-11-11T04:18:54Z,75.0
2023-11-11T04:18:59Z,77.0
2023-11-11T04:19:04Z,79.0
2023-11-11T04:19:09Z,84.0
2023-11-11T04:19:19Z,85.0
2023-11-11T04:19:24Z,87.0
2023-11-11T04:19:29Z,88.0
2023-11-11T04:19:34Z,88.0
2023-11-11T04:19:39Z,89.0
2023-11-11T04:19:44Z,90.0
2023-11-11T04:19:49Z,88.0
2023-11-11T04:19:54Z,91.0
2023-11-11T04:19:59Z,95.0
2023-11-11T04:20:04Z,94.0
2023-11-11T04:20:09Z,84.0
2023-11-11T04:20:14Z,78.0
2023-11-11T04:20:19Z,75.0
2023-11-11T04:20:24Z,71.0
2023-11-11T04:20:34Z,73.0
2023-11-11T04:20:39Z,78.0
2023-11-11T04:20:44Z,84.0
2023-11-11T04:20:49Z,86.0
2023-11-11T04:20:54Z,85.0
2023-11-11T04:20:59Z,87.0
2023-11-11T04:21:09Z,86.0
2023-11-11T04:21:14Z,88.0
2023-11-11T04:21:24Z,92.0
2023-11-11T04:21:34Z,90.0
2023-11-11T04:21:44Z,93.0
2023-11-11T04:21:49Z,98.0
2023-11-11T04:21:54Z,96.0
2023-11-11T04:21:59Z,99.0
2023-11-11T04:22:09Z,98.0
2023-11-11T04:22:14Z,96.0
2023-11-11T04:22:19Z,95.0
2023-11-11T04:22:24Z,93.0
2023-11-11T04:22:29Z,94.0
2023-11-11T04:22:39Z,93.0
2023-11-11T04:22:44Z,91.0
2023-11-11T04:22:49Z,90.0
2023-11-11T04:22:54Z,91.0
2023-11-11T04:22:59Z,92.0
2023-11-11T04:23:04Z,91.0
2023-11-11T04:23:09Z,93.0
2023-11-11T04:23:24Z,93.0
2023-11-11T04:23:29Z,94.0
2023-11-11T04:23:34Z,92.0
2023-11-11T04:23:39Z,93.0
2023-11-11T04:23:44Z,94.0
2023-11-11T04:23:54Z,90.0
2023-11-11T04:23:59Z,86.0
2023-11-11T04:24:04Z,90.0
2023-11-11T04:24:19Z,93.0
2023-11-11T04:24:24Z,86.0
2023-11-11T04:24:29Z,85.0
2023-11-11T04:24:34Z,89.0
2023-11-11T04:24:39Z,86.0
2023-11-11T04:24:44Z,83.0
2023-11-11T04:24:49Z,82.0
2023-11-11T04:24:59Z,81.0
2023-11-11T04:25:04Z,83.0
2023-11-11T04:25:14Z,84.0
2023-11-11T04:25:24Z,85.0
2023-11-11T04:25:29Z,85.0
2023-11-11T04:25:34Z,84.0
2023-11-11T04:25:39Z,82.0
2023-11-11T04:25:44Z,81.0
2023-11-11T04:25:49Z,86.0
2023-11-11T04:25:59Z,81.0
2023-11-11T04:26:04Z,82.0
2023-11-11T04:26:19Z,82.0
2023-11-11T04:26:24Z,84.0
2023-11-11T04:26:34Z,81.0
2023-11-11T04:26:39Z,83.0
2023-11-11T04:26:44Z,85.0
2023-11-11T04:26:49Z,88.0
2023-11-11T04:26:54Z,86.0
2023-11-11T04:26:59Z,84.0
2023-11-11T04:27:04Z,85.0
2023-11-11T04:27:09Z,88.0
2023-11-11T04:27:14Z,86.0
2023-11-11T04:27:19Z,90.0
2023-11-11T04:27:24Z,93.0
2023-11-11T04:27:29Z,91.0
2023-11-11T04:27:34Z,87.0
2023-11-11T04:27:39Z,84.0
2023-11-11T04:27:44Z,83.0
2023-11-11T04:27:49Z,84.0
2023-11-11T04:27:54Z,88.0
2023-11-11T04:27:59Z,89.0
2023-11-11T04:28:04Z,94.0
2023-11-11T04:28:09Z,98.0
2023-11-11T04:28:14Z,97.0
2023-11-11T04:28:19Z,95.0
2023-11-11T04:28:24Z,94.0
2023-11-11T04:28:29Z,93.0
2023-11-11T04:28:34Z,94.0
2023-11-11T04:28:44Z,95.0
2023-11-11T04:28:49Z,94.0
2023-11-11T04:29:04Z,94.0
2023-11-11T04:29:09Z,93.0
2023-11-11T04:29:14Z,88.0
2023-11-11T04:29:19Z,89.0
2023-11-11T04:29:24Z,94.0
2023-11-11T04:29:29Z,97.0
2023-11-11T04:29:34Z,91.0
2023-11-11T04:29:39Z,88.0
2023-11-11T04:29:44Z,92.0
2023-11-11T04:29:49Z,96.0
2023-11-11T04:29:59Z,97.0
2023-11-11T04:30:09Z,95.0
2023-11-11T04:30:14Z,94.0
2023-11-11T04:30:19Z,93.0
2023-11-11T04:30:29Z,94.0
2023-11-11T04:30:34Z,96.0
2023-11-11T04:30:39Z,94.0
2023-11-11T04:30:44Z,96.0
2023-11-11T04:30:49Z,99.0
2023-11-11T04:30:54Z,98.0
2023-11-11T04:31:04Z,96.0
2023-11-11T04:31:09Z,94.0
2023-11-11T04:31:14Z,95.0
2023-11-11T04:31:19Z,96.0
2023-11-11T04:31:29Z,94.0
2023-11-11T04:31:34Z,93.0
2023-11-11T04:31:39Z,92.0
2023-11-11T04:31:44Z,88.0
2023-11-11T04:31:49Z,87.0
2023-11-11T04:32:04Z,89.0
2023-11-11T04:32:09Z,91.0
2023-11-11T04:32:14Z,89.0
2023-11-11T04:32:19Z,88.0
2023-11-11T04:32:24Z,89.0
2023-11-11T04:32:29Z,92.0
2023-11-11T04:32:39Z,90.0
2023-11-11T04:32:44Z,89.0
2023-11-11T04:32:49Z,91.0
2023-11-11T04:32:54Z,90.0
2023-11-11T04:33:04Z,89.0
2023-11-11T04:33:09Z,91.0
2023-11-11T04:33:19Z,92.0
2023-11-11T04:33:24Z,93.0
2023-11-11T04:33:29Z,89.0
2023-11-11T04:33:34Z,82.0
2023-11-11T04:33:39Z,84.0
2023-11-11T04:33:44Z,86.0
2023-11-11T04:33:49Z,87.0
2023-11-11T04:33:54Z,89.0
2023-11-11T04:33:59Z,87.0
2023-11-11T04:34:04Z,88.0
2023-11-11T04:34:09Z,89.0
2023-11-11T04:34:14Z,92.0
2023-11-11T04:34:24Z,90.0
2023-11-11T04:34:34Z,92.0
2023-11-11T04:34:44Z,89.0
2023-11-11T04:34:54Z,92.0
2023-11-11T04:35:04Z,91.0
2023-11-11T04:35:09Z,90.0
2023-11-11T04:35:24Z,88.0
2023-11-11T04:35:29Z,89.0
2023-11-11T04:35:34Z,94.0
2023-11-11T04:35:39Z,92.0
2023-11-11T04:35:44Z,91.0
2023-11-11T04:35:49Z,84.0
2023-11-11T04:35:54Z,85.0
2023-11-11T04:35:59Z,84.0
2023-11-11T04:36:04Z,83.0
2023-11-11T04:36:09Z,84.0
2023-11-11T04:36:19Z,82.0
2023-11-11T04:36:24Z,81.0
2023-11-11T04:36:34Z,84.0
2023-11-11T04:36:39Z,86.0
2023-11-11T04:36:44Z,85.0
2023-11-11T04:36:49Z,87.0
2023-11-11T04:36:59Z,85.0
2023-11-11T04:37:04Z,89.0
2023-11-11T04:37:09Z,96.0
2023-11-11T04:37:14Z,94.0
2023-11-11T04:37:19Z,91.0
2023-11-11T04:37:29Z,92.0
2023-11-11T04:37:34Z,94.0
2023-11-11T04:37:39Z,90.0
2023-11-11T04:37:49Z,91.0
2023-11-11T04:37:54Z,92.0
2023-11-11T04:37:59Z,90.0
2023-11-11T04:38:09Z,89.0
2023-11-11T04:38:14Z,87.0
2023-11-11T04:38:19Z,85.0
2023-11-11T04:38:29Z,87.0
2023-11-11T04:38:34Z,89.0
2023-11-11T04:38:39Z,88.0
2023-11-11T04:38:44Z,87.0
2023-11-11T04:38:49Z,92.0
2023-11-11T04:38:54Z,94.0
2023-11-11T04:38:59Z,92.0
2023-11-11T04:39:04Z,93.0
2023-11-11T04:39:09Z,91.0
2023-11-11T04:39:14Z,89.0
2023-11-11T04:39:19Z,86.0
2023-11-11T04:39:34Z,86.0
2023-11-11T04:39:49Z,89.0
2023-11-11T04:39:54Z,88.0
2023-11-11T04:39:59Z,89.0
2023-11-11T04:40:04Z,90.0
2023-11-11T04:40:09Z,91.0
2023-11-11T04:40:14Z,93.0
2023-11-11T04:40:29Z,93.0
2023-11-11T04:40:34Z,89.0
2023-11-11T04:40:39Z,85.0
2023-11-11T04:40:44Z,82.0
2023-11-11T04:40:49Z,81.0
2023-11-11T04:40:54Z,82.0
2023-11-11T04:40:59Z,81.0
2023-11-11T04:41:04Z,80.0
2023-11-11T04:41:09Z,81.0
2023-11-11T04:41:14Z,78.0
2023-11-11T04:41:24Z,79.0
2023-11-11T04:41:39Z,80.0
2023-11-11T04:41:44Z,79.0
2023-11-11T04:41:49Z,81.0
2023-11-11T04:41:54Z,79.0
2023-11-11T04:41:59Z,78.0
2023-11-11T04:42:09Z,80.0
2023-11-11T04:42:24Z,80.0
2023-11-11T04:42:29Z,79.0
2023-11-11T04:42:34Z,80.0
2023-11-11T04:42:39Z,82.0
2023-11-11T04:42:44Z,89.0
2023-11-11T04:42:49Z,92.0
2023-11-11T04:42:54Z,90.0
2023-11-11T04:42:59Z,88.0
2023-11-11T04:43:04Z,87.0
2023-11-11T04:43:09Z,85.0
2023-11-11T04:43:19Z,88.0
2023-11-11T04:43:34Z,90.0
2023-11-11T04:43:39Z,92.0
2023-11-11T04:43:44Z,87.0
2023-11-11T04:43:54Z,83.0
2023-11-11T04:43:59Z,82.0
2023-11-11T04:44:04Z,84.0
2023-11-11T04:44:14Z,86.0
2023-11-11T04:44:19Z,87.0
2023-11-11T04:44:24Z,86.0
2023-11-11T04:44:29Z,89.0
2023-11-11T04:44:34Z,85.0
2023-11-11T04:44:39Z,83.0
2023-11-11T04:44:44Z,83.0
2023-11-11T04:44:49Z,81.0
2023-11-11T04:44:54Z,81.0
2023-11-11T04:44:59Z,83.0
2023-11-11T04:45:04Z,84.0
2023-11-11T04:45:09Z,85.0
2023-11-11T04:45:14Z,88.0
2023-11-11T04:45:24Z,86.0
2023-11-11T04:45:34Z,83.0
2023-11-11T04:45:39Z,81.0
2023-11-11T04:45:44Z,80.0
2023-11-11T04:45:49Z,83.0
2023-11-11T04:45:54Z,85.0
2023-11-11T04:45:59Z,87.0
2023-11-11T04:46:04Z,89.0
2023-11-11T04:46:09Z,88.0
2023-11-11T04:46:14Z,89.0
2023-11-11T04:46:19Z,90.0
2023-11-11T04:46:24Z,88.0
2023-11-11T04:46:29Z,84.0
2023-11-11T04:46:34Z,82.0
2023-11-11T04:46:44Z,84.0
2023-11-11T04:46:49Z,85.0
2023-11-11T04:46:54Z,84.0
2023-11-11T04:46:59Z,83.0
2023-11-11T04:47:04Z,85.0
2023-11-11T04:47:09Z,86.0
2023-11-11T04:47:14Z,85.0
2023-11-11T04:47:19Z,84.0
2023-11-11T04:47:29Z,86.0
2023-11-11T04:47:34Z,82.0
2023-11-11T04:47:39Z,83.0
2023-11-11T04:47:44Z,84.0
2023-11-11T04:47:49Z,83.0
2023-11-11T04:47:54Z,84.0
2023-11-11T04:47:59Z,85.0
2023-11-11T04:48:04Z,87.0
2023-11-11T04:48:09Z,89.0
2023-11-11T04:48:14Z,90.0
2023-11-11T04:48:19Z,91.0
2023-11-11T04:48:24Z,89.0
2023-11-11T04:48:29Z,85.0
2023-11-11T04:48:34Z,83.0
2023-11-11T04:48:39Z,84.0
2023-11-11T04:48:44Z,88.0
2023-11-11T04:48:49Z,87.0
2023-11-11T04:48:54Z,91.0
2023-11-11T04:48:59Z,87.0
2023-11-11T04:49:04Z,85.0
2023-11-11T04:49:14Z,84.0
2023-11-11T04:49:19Z,85.0
2023-11-11T04:49:24Z,80.0
2023-11-11T04:49:34Z,84.0
2023-11-11T04:49:39Z,88.0
2023-11-11T04:49:44Z,91.0
2023-11-11T04:49:49Z,97.0
2023-11-11T04:49:54Z,99.0
2023-11-11T04:49:59Z,96.0
2023-11-11T04:50:04Z,94.0
2023-11-11T04:50:09Z,95.0
2023-11-11T04:50:14Z,92.0
2023-11-11T04:50:19Z,94.0
2023-11-11T04:50:24Z,95.0
2023-11-11T04:50:29Z,92.0
2023-11-11T04:50:34Z,85.0
2023-11-11T04:50:39Z,84.0
2023-11-11T04:50:44Z,81.0
2023-11-11T04:50:49Z,79.0
2023-11-11T04:50:54Z,78.0
2023-11-11T04:51:04Z,82.0
2023-11-11T04:51:09Z,93.0
2023-11-11T04:51:14Z,96.0
2023-11-11T04:51:19Z,93.0
2023-11-11T04:51:24Z,89.0
2023-11-11T04:51:29Z,86.0
2023-11-11T04:51:34Z,88.0
2023-11-11T04:51:39Z,86.0
2023-11-11T04:51:44Z,87.0
2023-11-11T04:51:59Z,87.0
2023-11-11T04:52:04Z,88.0
2023-11-11T04:52:09Z,90.0
2023-11-11T04:52:19Z,91.0
2023-11-11T04:52:24Z,89.0
2023-11-11T04:52:29Z,86.0
2023-11-11T04:52:34Z,84.0
2023-11-11T04:52:44Z,83.0
2023-11-11T04:52:49Z,84.0
2023-11-11T04:52:54Z,82.0
2023-11-11T04:53:09Z,82.0
2023-11-11T04:53:14Z,83.0
2023-11-11T04:53:19Z,81.0
2023-11-11T04:53:24Z,83.0
2023-11-11T04:53:29Z,84.0
2023-11-11T04:53:34Z,85.0
2023-11-11T04:53:44Z,87.0
2023-11-11T04:53:49Z,85.0
2023-11-11T04:53:54Z,83.0
2023-11-11T04:54:04Z,79.0
2023-11-11T04:54:09Z,80.0
2023-11-11T04:54:14Z,81.0
2023-11-11T04:54:19Z,78.0
2023-11-11T04:54:24Z,81.0
2023-11-11T04:54:29Z,82.0
2023-11-11T04:54:34Z,81.0
2023-11-11T04:54:39Z,82.0
2023-11-11T04:54:49Z,76.0
2023-11-11T04:54:54Z,75.0
2023-11-11T04:54:59Z,78.0
2023-11-11T04:55:04Z,79.0
2023-11-11T04:55:14Z,82.0
2023-11-11T04:55:19Z,83.0
2023-11-11T04:55:24Z,80.0
2023-11-11T04:55:29Z,79.0
2023-11-11T04:55:34Z,81.0
2023-11-11T04:55:39Z,85.0
2023-11-11T04:55:44Z,90.0
2023-11-11T04:55:49Z,91.0
2023-11-11T04:55:54Z,86.0
2023-11-11T04:56:04Z,89.0
2023-11-11T04:56:09Z,88.0
2023-11-11T04:56:14Z,89.0
2023-11-11T04:56:19Z,88.0
2023-11-11T04:56:24Z,86.0
2023-11-11T04:56:29Z,85.0
2023-11-11T04:56:34Z,80.0
2023-11-11T04:56:39Z,81.0
2023-11-11T04:56:44Z,80.0
2023-11-11T04:56:49Z,78.0
2023-11-11T04:56:54Z,82.0
2023-11-11T04:56:59Z,91.0
2023-11-11T04:57:04Z,96.0
2023-11-11T04:57:09Z,94.0
2023-11-11T04:57:14Z,90.0
2023-11-11T04:57:19Z,87.0
2023-11-11T04:57:24Z,86.0
2023-11-11T04:57:29Z,85.0
2023-11-11T04:57:34Z,87.0
2023-11-11T04:57:44Z,85.0
2023-11-11T04:57:49Z,87.0
2023-11-11T04:57:54Z,88.0
2023-11-11T04:57:59Z,90.0
2023-11-11T04:58:04Z,89.0
2023-11-11T04:58:09Z,82.0
2023-11-11T04:58:14Z,83.0
2023-11-11T04:58:29Z,83.0
2023-11-11T04:58:34Z,86.0
2023-11-11T04:58:39Z,84.0
2023-11-11T04:58:44Z,86.0
2023-11-11T04:58:49Z,85.0
2023-11-11T04:58:54Z,84.0
2023-11-11T04:59:04Z,85.0
2023-11-11T04:59:09Z,84.0
2023-11-11T04:59:14Z,85.0
2023-11-11T04:59:19Z,84.0
2023-11-11T04:59:29Z,83.0
2023-11-11T04:59:44Z,86.0
2023-11-11T04:59:49Z,87.0
2023-11-11T04:59:54Z,90.0
2023-11-11T04:59:59Z,93.0
2023-11-11T05:00:04Z,92.0
2023-11-11T05:00:09Z,91.0
2023-11-11T05:00:19Z,93.0
2023-11-11T05:00:24Z,91.0
2023-11-11T05:00:29Z,89.0
2023-11-11T05:00:34Z,90.0
2023-11-11T05:00:39Z,89.0
2023-11-11T05:00:44Z,89.0
2023-11-11T05:00:54Z,90.0
2023-11-11T05:00:59Z,89.0
2023-11-11T05:01:09Z,84.0
2023-11-11T05:01:19Z,80.0
2023-11-11T05:01:24Z,72.0
2023-11-11T05:01:29Z,74.0
2023-11-11T05:01:34Z,71.0
2023-11-11T05:01:39Z,76.0
2023-11-11T05:01:44Z,81.0
2023-11-11T05:01:49Z,77.0
2023-11-11T05:01:54Z,78.0
2023-11-11T05:01:59Z,81.0
2023-11-11T05:02:04Z,76.0
2023-11-11T05:02:09Z,74.0
2023-11-11T05:02:14Z,85.0
2023-11-11T05:02:19Z,86.0
2023-11-11T05:02:24Z,81.0
2023-11-11T05:02:29Z,80.0
2023-11-11T05:02:34Z,81.0
2023-11-11T05:02:39Z,84.0
2023-11-11T05:02:44Z,82.0
2023-11-11T05:02:49Z,81.0
2023-11-11T05:02:54Z,82.0
2023-11-11T05:02:59Z,83.0
2023-11-11T05:03:04Z,82.0
2023-11-11T05:03:09Z,80.0
2023-11-11T05:03:14Z,78.0
2023-11-11T05:03:19Z,77.0
2023-11-11T05:03:24Z,76.0
2023-11-11T05:03:39Z,78.0
2023-11-11T05:03:44Z,79.0
2023-11-11T05:03:49Z,77.0
2023-11-11T05:03:59Z,79.0
2023-11-11T05:04:14Z,77.0
2023-11-11T05:04:19Z,74.0
2023-11-11T05:04:29Z,74.0
2023-11-11T05:04:44Z,75.0
2023-11-11T05:04:59Z,76.0
2023-11-11T05:05:04Z,79.0
2023-11-11T05:05:09Z,78.0
2023-11-11T05:05:19Z,82.0
2023-11-11T05:05:24Z,85.0
2023-11-11T05:05:29Z,81.0
2023-11-11T05:05:34Z,80.0
2023-11-11T05:05:39Z,81.0
2023-11-11T05:05:44Z,76.0
2023-11-11T05:05:49Z,76.0
2023-11-11T05:05:54Z,78.0
2023-11-11T05:05:59Z,81.0
2023-11-11T05:06:09Z,81.0
2023-11-11T05:06:14Z,82.0
2023-11-11T05:06:29Z,79.0
2023-11-11T05:06:34Z,79.0
2023-11-11T05:06:39Z,79.0
2023-11-11T05:06:44Z,80.0
2023-11-11T05:06:49Z,81.0
2023-11-11T05:06:54Z,84.0
2023-11-11T05:06:59Z,85.0
2023-11-11T05:07:04Z,82.0
2023-11-11T05:07:14Z,82.0
2023-11-11T05:07:19Z,80.0
2023-11-11T05:07:29Z,79.0
2023-11-11T05:07:34Z,78.0
2023-11-11T05:07:39Z,79.0
2023-11-11T05:07:44Z,78.0
2023-11-11T05:07:49Z,79.0
2023-11-11T05:07:59Z,82.0
2023-11-11T05:08:04Z,81.0
2023-11-11T05:08:09Z,81.0
2023-11-11T05:08:24Z,81.0
2023-11-11T05:08:29Z,80.0
2023-11-11T05:08:34Z,79.0
2023-11-11T05:08:39Z,80.0
2023-11-11T05:08:44Z,78.0
2023-11-11T05:08:49Z,78.0
2023-11-11T05:08:54Z,80.0
2023-11-11T05:08:59Z,84.0
2023-11-11T05:09:04Z,83.0
2023-11-11T05:09:09Z,82.0
2023-11-11T05:09:14Z,84.0
2023-11-11T05:09:19Z,85.0
2023-11-11T05:09:24Z,81.0
2023-11-11T05:09:34Z,85.0
2023-11-11T05:09:39Z,86.0
2023-11-11T05:09:49Z,87.0
2023-11-11T05:09:54Z,89.0
2023-11-11T05:09:59Z,91.0
2023-11-11T05:10:04Z,93.0
2023-11-11T05:10:09Z,95.0
2023-11-11T05:10:14Z,96.0
2023-11-11T05:10:19Z,86.0
2023-11-11T05:10:24Z,77.0
2023-11-11T05:10:29Z,74.0
2023-11-11T05:10:34Z,75.0
2023-11-11T05:10:39Z,77.0
2023-11-11T05:10:44Z,80.0
2023-11-11T05:10:59Z,81.0
2023-11-11T05:11:04Z,80.0
2023-11-11T05:11:09Z,82.0
2023-11-11T05:11:14Z,84.0
2023-11-11T05:11:24Z,86.0
2023-11-11T05:11:29Z,89.0
2023-11-11T05:11:34Z,85.0
2023-11-11T05:11:44Z,88.0
2023-11-11T05:11:49Z,92.0
2023-11-11T05:11:54Z,89.0
2023-11-11T05:11:59Z,84.0
2023-11-11T05:12:04Z,78.0
2023-11-11T05:12:09Z,76.0
2023-11-11T05:12:19Z,77.0
2023-11-11T05:12:24Z,81.0
2023-11-11T05:12:29Z,84.0
2023-11-11T05:12:34Z,85.0
2023-11-11T05:12:39Z,81.0
2023-11-11T05:12:44Z,78.0
2023-11-11T05:12:54Z,79.0
2023-11-11T05:12:59Z,80.0
2023-11-11T05:13:04Z,78.0
2023-11-11T05:13:09Z,77.0
2023-11-11T05:13:14Z,79.0
2023-11-11T05:13:19Z,79.0
2023-11-11T05:13:24Z,81.0
2023-11-11T05:13:29Z,83.0
2023-11-11T05:13:34Z,86.0
2023-11-11T05:13:39Z,85.0
2023-11-11T05:13:44Z,83.0
2023-11-11T05:13:49Z,82.0
2023-11-11T05:13:54Z,83.0
2023-11-11T05:13:59Z,84.0
2023-11-11T05:14:04Z,86.0
2023-11-11T05:14:09Z,85.0
2023-11-11T05:14:14Z,86.0
2023-11-11T05:14:19Z,89.0
2023-11-11T05:14:29Z,84.0
2023-11-11T05:14:34Z,81.0
2023-11-11T05:14:39Z,86.0
2023-11-11T05:14:44Z,93.0
2023-11-11T05:14:49Z,90.0
2023-11-11T05:14:59Z,89.0
2023-11-11T05:15:04Z,88.0
2023-11-11T05:15:09Z,92.0
2023-11-11T05:15:14Z,93.0
2023-11-11T05:15:19Z,95.0
2023-11-11T05:15:24Z,99.0
2023-11-11T05:15:29Z,102.0
2023-11-11T05:15:34Z,106.0
2023-11-11T05:15:39Z,103.0
2023-11-11T05:15:44Z,102.0
2023-11-11T05:15:54Z,99.0
2023-11-11T05:15:59Z,99.0
2023-11-11T05:16:09Z,97.0
2023-11-11T05:16:14Z,93.0
2023-11-11T05:16:19Z,89.0
2023-11-11T05:16:24Z,92.0
2023-11-11T05:16:29Z,91.0
2023-11-11T05:16:39Z,89.0
2023-11-11T05:16:44Z,85.0
2023-11-11T05:16:49Z,83.0
2023-11-11T05:16:54Z,85.0
2023-11-11T05:17:04Z,84.0
2023-11-11T05:17:09Z,82.0
2023-11-11T05:17:19Z,84.0
2023-11-11T05:17:24Z,86.0
2023-11-11T05:17:29Z,84.0
2023-11-11T05:17:34Z,80.0
2023-11-11T05:17:44Z,77.0
2023-11-11T05:17:49Z,80.0
2023-11-11T05:17:54Z,83.0
2023-11-11T05:17:59Z,86.0
2023-11-11T05:18:04Z,85.0
2023-11-11T05:18:09Z,86.0
2023-11-11T05:18:14Z,84.0
2023-11-11T05:18:19Z,81.0
2023-11-11T05:18:24Z,82.0
2023-11-11T05:18:29Z,83.0
2023-11-11T05:18:34Z,85.0
2023-11-11T05:18:39Z,80.0
2023-11-11T05:18:44Z,83.0
2023-11-11T05:18:49Z,85.0
2023-11-11T05:18:54Z,84.0
2023-11-11T05:18:59Z,82.0
2023-11-11T05:19:04Z,81.0
2023-11-11T05:19:19Z,83.0
2023-11-11T05:19:24Z,90.0
2023-11-11T05:19:34Z,87.0
2023-11-11T05:19:39Z,85.0
2023-11-11T05:19:49Z,86.0
2023-11-11T05:19:54Z,84.0
2023-11-11T05:19:59Z,80.0
2023-11-11T05:20:04Z,79.0
2023-11-11T05:20:09Z,78.0
2023-11-11T05:20:19Z,79.0
2023-11-11T05:20:24Z,81.0
2023-11-11T05:20:34Z,79.0
2023-11-11T05:20:39Z,76.0
2023-11-11T05:20:49Z,77.0
2023-11-11T05:20:54Z,78.0
2023-11-11T05:20:59Z,80.0
2023-11-11T05:21:14Z,80.0
2023-11-11T05:21:24Z,77.0
2023-11-11T05:21:29Z,76.0
2023-11-11T05:21:39Z,78.0
2023-11-11T05:21:44Z,82.0
2023-11-11T05:21:49Z,85.0
2023-11-11T05:21:54Z,86.0
2023-11-11T05:21:59Z,84.0
2023-11-11T05:22:04Z,76.0
2023-11-11T05:22:09Z,79.0
2023-11-11T05:22:14Z,81.0
2023-11-11T05:22:19Z,84.0
2023-11-11T05:22:24Z,83.0
2023-11-11T05:22:34Z,87.0
2023-11-11T05:22:39Z,85.0
2023-11-11T05:22:44Z,87.0
2023-11-11T05:22:49Z,85.0
2023-11-11T05:22:54Z,84.0
2023-11-11T05:22:59Z,83.0
2023-11-11T05:23:04Z,79.0
2023-11-11T05:23:09Z,81.0
2023-11-11T05:23:14Z,80.0
2023-11-11T05:23:19Z,79.0
2023-11-11T05:23:24Z,81.0
2023-11-11T05:23:29Z,85.0
2023-11-11T05:23:34Z,87.0
2023-11-11T05:23:39Z,92.0
2023-11-11T05:23:44Z,85.0
2023-11-11T05:23:49Z,83.0
2023-11-11T05:23:54Z,82.0
2023-11-11T05:23:59Z,80.0
2023-11-11T05:24:09Z,78.0
2023-11-11T05:24:14Z,79.0
2023-11-11T05:24:19Z,80.0
2023-11-11T05:24:24Z,81.0
2023-11-11T05:24:29Z,80.0
2023-11-11T05:24:34Z,79.0
2023-11-11T05:24:39Z,80.0
2023-11-11T05:24:44Z,81.0
2023-11-11T05:24:49Z,86.0
2023-11-11T05:24:54Z,89.0
2023-11-11T05:24:59Z,92.0
2023-11-11T05:25:04Z,93.0
2023-11-11T05:25:09Z,96.0
2023-11-11T05:25:14Z,92.0
2023-11-11T05:25:19Z,88.0
2023-11-11T05:25:24Z,87.0
2023-11-11T05:25:29Z,85.0
2023-11-11T05:25:34Z,86.0
2023-11-11T05:25:39Z,85.0
2023-11-11T05:25:44Z,86.0
2023-11-11T05:25:49Z,85.0
2023-11-11T05:25:54Z,86.0
2023-11-11T05:25:59Z,85.0
2023-11-11T05:26:04Z,84.0
2023-11-11T05:26:09Z,87.0
2023-11-11T05:26:14Z,84.0
2023-11-11T05:26:24Z,85.0
2023-11-11T05:26:34Z,84.0
2023-11-11T05:26:39Z,87.0
2023-11-11T05:26:44Z,94.0
2023-11-11T05:26:49Z,89.0
2023-11-11T05:26:54Z,83.0
2023-11-11T05:26:59Z,85.0
2023-11-11T05:27:04Z,86.0
2023-11-11T05:27:09Z,88.0
2023-11-11T05:27:14Z,95.0
2023-11-11T05:27:19Z,98.0
2023-11-11T05:27:24Z,98.0
2023-11-11T05:27:29Z,90.0
2023-11-11T05:27:34Z,86.0
2023-11-11T05:27:39Z,88.0
2023-11-11T05:27:44Z,91.0
2023-11-11T05:27:49Z,88.0
2023-11-11T05:27:54Z,84.0
2023-11-11T05:28:04Z,82.0
2023-11-11T05:28:19Z,79.0
2023-11-11T05:28:29Z,82.0
2023-11-11T05:28:34Z,85.0
2023-11-11T05:28:39Z,84.0
2023-11-11T05:28:54Z,83.0
2023-11-11T05:29:04Z,84.0
2023-11-11T05:29:09Z,85.0
2023-11-11T05:29:19Z,86.0
2023-11-11T05:29:24Z,85.0
2023-11-11T05:29:29Z,86.0
2023-11-11T05:29:34Z,84.0
2023-11-11T05:29:39Z,84.0
2023-11-11T05:29:49Z,83.0
2023-11-11T05:29:54Z,82.0
2023-11-11T05:29:59Z,85.0
2023-11-11T05:30:09Z,88.0
2023-11-11T05:30:14Z,90.0
2023-11-11T05:30:19Z,86.0
2023-11-11T05:30:24Z,84.0
2023-11-11T05:30:29Z,85.0
2023-11-11T05:30:34Z,88.0
2023-11-11T05:30:39Z,86.0
2023-11-11T05:30:44Z,81.0
2023-11-11T05:30:49Z,79.0
2023-11-11T05:30:54Z,78.0
2023-11-11T05:31:09Z,78.0
2023-11-11T05:31:14Z,78.0
2023-11-11T05:31:24Z,79.0
2023-11-11T05:31:29Z,78.0
2023-11-11T05:31:44Z,78.0
2023-11-11T05:31:49Z,77.0
2023-11-11T05:31:54Z,77.0
2023-11-11T05:31:59Z,78.0
2023-11-11T05:32:09Z,75.0
2023-11-11T05:32:14Z,77.0
2023-11-11T05:32:19Z,80.0
2023-11-11T05:32:24Z,82.0
2023-11-11T05:32:34Z,83.0
2023-11-11T05:32:44Z,84.0
2023-11-11T05:32:49Z,90.0
2023-11-11T05:32:54Z,83.0
2023-11-11T05:32:59Z,77.0
2023-11-11T05:33:04Z,73.0
2023-11-11T05:33:09Z,71.0
2023-11-11T05:33:14Z,74.0
2023-11-11T05:33:19Z,73.0
2023-11-11T05:33:24Z,73.0
2023-11-11T05:33:29Z,74.0
2023-11-11T05:33:34Z,73.0
2023-11-11T05:33:39Z,72.0
2023-11-11T05:33:44Z,71.0
2023-11-11T05:33:49Z,73.0
2023-11-11T05:33:54Z,76.0
2023-11-11T05:33:59Z,77.0
2023-11-11T05:34:04Z,77.0
2023-11-11T05:34:09Z,76.0
2023-11-11T05:34:14Z,75.0
2023-11-11T05:34:24Z,75.0
2023-11-11T05:34:29Z,76.0
2023-11-11T05:34:39Z,76.0
2023-11-11T05:34:44Z,75.0
2023-11-11T05:34:49Z,74.0
2023-11-11T05:34:54Z,74.0
2023-11-11T05:35:04Z,75.0
2023-11-11T05:35:14Z,73.0
2023-11-11T05:35:19Z,71.0
2023-11-11T05:35:29Z,72.0
2023-11-11T05:35:39Z,73.0
2023-11-11T05:35:44Z,74.0
2023-11-11T05:35:49Z,74.0
2023-11-11T05:36:04Z,73.0
2023-11-11T05:36:14Z,75.0
2023-11-11T05:36:19Z,74.0
2023-11-11T05:36:24Z,73.0
2023-11-11T05:36:29Z,72.0
2023-11-11T05:36:34Z,71.0
2023-11-11T05:36:44Z,73.0
2023-11-11T05:36:49Z,72.0
2023-11-11T05:36:54Z,69.0
2023-11-11T05:37:09Z,69.0
2023-11-11T05:37:24Z,69.0
2023-11-11T05:37:34Z,67.0
2023-11-11T05:37:39Z,67.0
2023-11-11T05:37:49Z,67.0
2023-11-11T05:37:54Z,68.0
2023-11-11T05:38:04Z,71.0
2023-11-11T05:38:09Z,72.0
2023-11-11T05:38:14Z,71.0
2023-11-11T05:38:19Z,70.0
2023-11-11T05:38:29Z,71.0
2023-11-11T05:38:34Z,70.0
2023-11-11T05:38:39Z,68.0
2023-11-11T05:38:44Z,71.0
2023-11-11T05:38:49Z,68.0
2023-11-11T05:38:54Z,65.0
2023-11-11T05:38:59Z,64.0
2023-11-11T05:39:04Z,64.0
2023-11-11T05:39:09Z,65.0
2023-11-11T05:39:14Z,70.0
2023-11-11T05:39:19Z,74.0
2023-11-11T05:39:24Z,71.0
2023-11-11T05:39:29Z,68.0
2023-11-11T05:39:34Z,70.0
2023-11-11T05:39:39Z,66.0
2023-11-11T05:39:44Z,64.0
2023-11-11T05:39:49Z,63.0
2023-11-11T05:39:54Z,64.0
2023-11-11T05:39:59Z,67.0
2023-11-11T05:40:04Z,70.0
2023-11-11T05:40:09Z,71.0
2023-11-11T05:40:19Z,72.0
2023-11-11T05:40:24Z,74.0
2023-11-11T05:40:29Z,72.0
2023-11-11T05:40:34Z,71.0
2023-11-11T05:40:39Z,70.0
2023-11-11T05:40:44Z,67.0
2023-11-11T05:40:49Z,68.0
2023-11-11T05:40:54Z,66.0
2023-11-11T05:40:59Z,67.0
2023-11-11T05:41:04Z,66.0
2023-11-11T05:41:09Z,68.0
2023-11-11T05:41:14Z,70.0
2023-11-11T05:41:19Z,70.0
2023-11-11T05:41:24Z,69.0
2023-11-11T05:41:29Z,70.0
2023-11-11T05:41:34Z,72.0
2023-11-11T05:41:49Z,72.0
2023-11-11T05:41:54Z,71.0
2023-11-11T05:42:04Z,71.0
2023-11-11T05:42:09Z,68.0
2023-11-11T05:42:14Z,68.0
2023-11-11T05:42:19Z,69.0
2023-11-11T05:42:24Z,71.0
2023-11-11T05:42:34Z,70.0
2023-11-11T05:42:39Z,70.0
2023-11-11T05:42:44Z,69.0
2023-11-11T05:42:49Z,68.0
2023-11-11T05:42:54Z,66.0
2023-11-11T05:42:59Z,69.0
2023-11-11T05:43:09Z,68.0
2023-11-11T05:43:14Z,70.0
2023-11-11T05:43:19Z,70.0
2023-11-11T05:43:24Z,67.0
2023-11-11T05:43:29Z,66.0
2023-11-11T05:43:34Z,67.0
2023-11-11T05:43:39Z,69.0
2023-11-11T05:43:49Z,69.0
2023-11-11T05:43:54Z,68.0
2023-11-11T05:43:59Z,70.0
2023-11-11T05:44:04Z,68.0
2023-11-11T05:44:19Z,68.0
2023-11-11T05:44:24Z,70.0
2023-11-11T05:44:29Z,69.0
2023-11-11T05:44:34Z,70.0
2023-11-11T05:44:39Z,73.0
2023-11-11T05:44:44Z,71.0
2023-11-11T05:44:49Z,70.0
2023-11-11T05:44:59Z,71.0
2023-11-11T05:45:06Z,72.0
2023-11-11T05:45:11Z,71.0
2023-11-11T05:45:16Z,67.0
2023-11-11T05:45:21Z,67.0
2023-11-11T05:45:26Z,70.0
2023-11-11T05:45:31Z,70.0
2023-11-11T05:45:36Z,69.0
2023-11-11T05:45:41Z,70.0
2023-11-11T05:45:46Z,71.0
2023-11-11T05:45:51Z,70.0
2023-11-11T05:45:56Z,74.0
2023-11-11T05:46:01Z,84.0
2023-11-11T05:46:06Z,95.0
2023-11-11T05:46:11Z,89.0
2023-11-11T05:46:16Z,77.0
2023-11-11T05:46:21Z,71.0
2023-11-11T05:46:26Z,69.0
2023-11-11T05:46:41Z,69.0
2023-11-11T05:46:46Z,67.0
2023-11-11T05:46:51Z,68.0
2023-11-11T05:47:01Z,69.0
2023-11-11T05:47:06Z,73.0
2023-11-11T05:47:11Z,74.0
2023-11-11T05:47:16Z,73.0
2023-11-11T05:47:21Z,70.0
2023-11-11T05:47:31Z,71.0
2023-11-11T05:47:36Z,73.0
2023-11-11T05:47:41Z,74.0
2023-11-11T05:47:46Z,73.0
2023-11-11T05:48:01Z,74.0
2023-11-11T05:48:06Z,75.0
2023-11-11T05:48:11Z,80.0
2023-11-11T05:48:16Z,89.0
2023-11-11T05:48:21Z,91.0
2023-11-11T05:48:26Z,96.0
2023-11-11T05:48:31Z,97.0
2023-11-11T05:48:36Z,94.0
2023-11-11T05:48:46Z,93.0
2023-11-11T05:48:51Z,90.0
2023-11-11T05:48:56Z,89.0
2023-11-11T10:02:21Z,35.0
2023-11-11T10:02:26Z,92.0
2023-11-11T10:02:31Z,97.0
2023-11-11T10:02:36Z,104.0
2023-11-11T10:02:41Z,103.0
2023-11-11T10:02:46Z,102.0
2023-11-11T10:02:56Z,100.0
2023-11-11T10:03:01Z,99.0
2023-11-11T10:03:06Z,101.0
2023-11-11T10:03:11Z,99.0
2023-11-11T10:03:21Z,103.0
2023-11-11T10:03:26Z,101.0
2023-11-11T10:03:31Z,102.0
2023-11-11T10:03:36Z,98.0
2023-11-11T10:03:41Z,99.0
2023-11-11T10:03:56Z,97.0
2023-11-11T10:04:06Z,101.0
2023-11-11T10:04:11Z,102.0
2023-11-11T10:04:26Z,98.0
2023-11-11T10:04:31Z,99.0
2023-11-11T10:04:36Z,100.0
2023-11-11T10:04:46Z,101.0
2023-11-11T10:04:51Z,99.0
2023-11-11T10:04:56Z,100.0
2023-11-11T10:05:01Z,101.0
2023-11-11T10:05:06Z,98.0
2023-11-11T10:05:11Z,101.0
2023-11-11T10:05:16Z,100.0
2023-11-11T10:05:31Z,98.0
2023-11-11T10:05:36Z,102.0
2023-11-11T10:05:41Z,103.0
2023-11-11T10:05:51Z,98.0
2023-11-11T10:05:56Z,95.0
2023-11-11T10:06:01Z,94.0
2023-11-11T10:06:06Z,95.0
2023-11-11T10:06:11Z,97.0
2023-11-11T10:06:16Z,96.0
2023-11-11T10:06:21Z,94.0
2023-11-11T10:06:26Z,93.0
2023-11-11T10:06:31Z,94.0
2023-11-11T10:06:36Z,93.0
2023-11-11T10:06:41Z,92.0
2023-11-11T10:06:56Z,93.0
2023-11-11T10:07:01Z,92.0
2023-11-11T10:07:06Z,91.0
2023-11-11T10:07:21Z,92.0
2023-11-11T10:07:33Z,93.0
2023-11-11T10:07:38Z,95.0
2023-11-11T10:07:43Z,97.0
2023-11-11T10:07:48Z,96.0
2023-11-11T10:07:53Z,97.0
2023-11-11T10:07:58Z,96.0
2023-11-11T10:08:03Z,93.0
2023-11-11T10:08:18Z,93.0
2023-11-11T10:08:23Z,92.0
2023-11-11T10:08:28Z,91.0
2023-11-11T10:08:33Z,92.0
2023-11-11T10:08:38Z,93.0
2023-11-11T10:08:48Z,94.0
2023-11-11T10:08:58Z,93.0
2023-11-11T10:09:13Z,93.0
2023-11-11T10:09:23Z,94.0
2023-11-11T10:09:28Z,92.0
2023-11-11T10:09:38Z,91.0
2023-11-11T10:09:43Z,92.0
2023-11-11T10:09:48Z,91.0
2023-11-11T10:09:58Z,90.0
2023-11-11T10:10:13Z,90.0
2023-11-11T10:10:18Z,91.0
2023-11-11T10:10:23Z,92.0
2023-11-11T10:10:28Z,95.0
2023-11-11T10:10:33Z,94.0
2023-11-11T10:10:38Z,93.0
2023-11-11T10:10:43Z,94.0
2023-11-11T10:10:48Z,91.0
2023-11-11T10:10:53Z,92.0
2023-11-11T10:10:58Z,92.0
2023-11-11T10:11:03Z,94.0
2023-11-11T10:11:13Z,93.0
2023-11-11T10:11:28Z,93.0
2023-11-11T10:11:33Z,92.0
2023-11-11T10:11:38Z,91.0
2023-11-11T10:11:43Z,91.0
2023-11-11T10:11:58Z,90.0
2023-11-11T10:12:03Z,92.0
2023-11-11T10:12:08Z,95.0
2023-11-11T10:12:18Z,98.0
2023-11-11T10:12:23Z,96.0
2023-11-11T10:12:28Z,95.0
2023-11-11T10:12:33Z,94.0
2023-11-11T10:12:38Z,95.0
2023-11-11T10:12:43Z,96.0
2023-11-11T10:12:48Z,95.0
2023-11-11T10:12:58Z,93.0
2023-11-11T10:13:03Z,94.0
2023-11-11T10:13:08Z,96.0
2023-11-11T10:13:13Z,94.0
2023-11-11T10:13:23Z,92.0
2023-11-11T10:13:28Z,91.0
2023-11-11T10:13:33Z,92.0
2023-11-11T10:13:38Z,93.0
2023-11-11T10:13:43Z,94.0
2023-11-11T10:13:49Z,94.0
2023-11-11T10:13:54Z,92.0
2023-11-11T10:13:59Z,94.0
2023-11-11T10:14:04Z,92.0
2023-11-11T10:14:14Z,92.0
2023-11-11T10:14:29Z,93.0
2023-11-11T10:14:35Z,91.0
2023-11-11T10:14:40Z,93.0
2023-11-11T10:14:45Z,95.0
2023-11-11T10:15:00Z,93.0
2023-11-11T10:15:05Z,94.0
2023-11-11T10:15:10Z,96.0
2023-11-11T10:15:20Z,93.0
2023-11-11T10:15:25Z,93.0
2023-11-11T10:15:31Z,95.0
2023-11-11T10:15:36Z,96.0
2023-11-11T10:15:46Z,95.0
2023-11-11T10:15:51Z,94.0
2023-11-11T10:15:56Z,93.0
2023-11-11T10:16:01Z,95.0
2023-11-11T10:16:06Z,94.0
2023-11-11T10:16:11Z,93.0
2023-11-11T10:16:16Z,94.0
2023-11-11T10:16:26Z,95.0
2023-11-11T10:16:36Z,94.0
2023-11-11T10:16:41Z,91.0
2023-11-11T10:16:46Z,94.0
2023-11-11T10:16:51Z,96.0
2023-11-11T10:16:56Z,95.0
2023-11-11T10:17:06Z,93.0
2023-11-11T10:17:11Z,94.0
2023-11-11T10:17:16Z,93.0
2023-11-11T10:17:21Z,92.0
2023-11-11T10:17:31Z,93.0
2023-11-11T10:17:36Z,94.0
2023-11-11T10:17:41Z,96.0
2023-11-11T10:17:51Z,95.0
2023-11-11T10:17:56Z,93.0
2023-11-11T10:18:01Z,95.0
2023-11-11T10:18:06Z,97.0
2023-11-11T10:18:11Z,94.0
2023-11-11T10:18:16Z,96.0
2023-11-11T10:18:21Z,97.0
2023-11-11T10:18:26Z,98.0
2023-11-11T10:18:36Z,97.0
2023-11-11T10:18:46Z,94.0
2023-11-11T10:18:56Z,95.0
2023-11-11T10:19:06Z,96.0
2023-11-11T10:19:11Z,95.0
2023-11-11T10:19:16Z,96.0
2023-11-11T10:19:21Z,95.0
2023-11-11T10:19:31Z,96.0
2023-11-11T10:19:41Z,97.0
2023-11-11T10:19:46Z,99.0
2023-11-11T10:19:56Z,97.0
2023-11-11T10:20:01Z,95.0
2023-11-11T10:20:06Z,93.0
2023-11-11T10:20:16Z,94.0
2023-11-11T10:20:21Z,95.0
2023-11-11T10:20:31Z,94.0
2023-11-11T10:20:36Z,95.0
2023-11-11T10:20:51Z,96.0
2023-11-11T10:21:01Z,95.0
2023-11-11T10:21:07Z,96.0
2023-11-11T10:21:12Z,94.0
2023-11-11T10:21:22Z,93.0
2023-11-11T10:21:27Z,94.0
2023-11-11T10:21:37Z,95.0
2023-11-11T10:21:47Z,92.0
2023-11-11T10:21:52Z,91.0
2023-11-11T10:21:57Z,91.0
2023-11-11T10:22:02Z,91.0
2023-11-11T10:22:12Z,92.0
2023-11-11T10:22:17Z,93.0
2023-11-11T10:22:22Z,92.0
2023-11-11T10:22:37Z,92.0
2023-11-11T10:22:42Z,92.0
2023-11-11T10:22:57Z,92.0
2023-11-11T10:23:12Z,93.0
2023-11-11T10:23:17Z,94.0
2023-11-11T10:23:27Z,97.0
2023-11-11T10:23:32Z,96.0
2023-11-11T10:23:37Z,92.0
2023-11-11T10:23:52Z,92.0
2023-11-11T10:24:02Z,91.0
2023-11-11T10:24:17Z,93.0
2023-11-11T10:24:22Z,94.0
2023-11-11T10:24:32Z,92.0
2023-11-11T10:24:37Z,93.0
2023-11-11T10:24:47Z,91.0
2023-11-11T10:24:52Z,92.0
2023-11-11T10:24:57Z,93.0
2023-11-11T10:25:02Z,94.0
2023-11-11T10:25:08Z,95.0
2023-11-11T10:25:13Z,96.0
2023-11-11T10:25:18Z,99.0
2023-11-11T10:25:23Z,100.0
2023-11-11T10:25:28Z,95.0
2023-11-11T10:25:33Z,92.0
2023-11-11T10:25:38Z,92.0
2023-11-11T10:25:43Z,90.0
2023-11-11T10:25:48Z,89.0
2023-11-11T10:25:53Z,90.0
2023-11-11T10:25:58Z,91.0
2023-11-11T10:26:08Z,93.0
2023-11-11T10:26:13Z,90.0
2023-11-11T10:26:18Z,89.0
2023-11-11T10:26:23Z,89.0
2023-11-11T10:26:33Z,91.0
2023-11-11T10:26:38Z,92.0
2023-11-11T10:26:53Z,92.0
2023-11-11T10:27:04Z,92.0
2023-11-11T10:27:14Z,91.0
2023-11-11T10:27:19Z,92.0
2023-11-11T10:27:24Z,92.0
2023-11-11T10:27:29Z,93.0
2023-11-11T10:27:34Z,92.0
2023-11-11T10:27:39Z,93.0
2023-11-11T10:27:49Z,92.0
2023-11-11T10:27:54Z,94.0
2023-11-11T10:27:59Z,88.0
2023-11-11T10:28:04Z,85.0
2023-11-11T10:28:09Z,87.0
2023-11-11T10:28:14Z,91.0
2023-11-11T10:28:19Z,92.0
2023-11-11T10:28:24Z,91.0
2023-11-11T10:28:29Z,89.0
2023-11-11T10:28:34Z,86.0
2023-11-11T10:28:39Z,88.0
2023-11-11T10:28:44Z,90.0
2023-11-11T10:28:54Z,91.0
2023-11-11T10:29:04Z,92.0
2023-11-11T10:29:14Z,90.0
2023-11-11T10:29:19Z,91.0
2023-11-11T10:29:24Z,90.0
2023-11-11T10:29:34Z,90.0
2023-11-11T10:29:49Z,90.0
2023-11-11T10:30:04Z,89.0
2023-11-11T10:30:09Z,91.0
2023-11-11T10:30:14Z,93.0
2023-11-11T10:30:19Z,96.0
2023-11-11T10:30:24Z,97.0
2023-11-11T10:30:29Z,100.0
2023-11-11T10:30:34Z,103.0
2023-11-11T10:30:39Z,97.0
2023-11-11T10:30:44Z,98.0
2023-11-11T10:30:49Z,99.0
2023-11-11T10:30:54Z,95.0
2023-11-11T10:30:59Z,94.0
2023-11-11T10:31:04Z,93.0
2023-11-11T10:31:09Z,95.0
2023-11-11T10:31:14Z,96.0
2023-11-11T10:31:19Z,95.0
2023-11-11T10:31:24Z,93.0
2023-11-11T10:31:29Z,92.0
2023-11-11T10:31:39Z,94.0
2023-11-11T10:31:44Z,95.0
2023-11-11T10:31:49Z,92.0
2023-11-11T10:31:54Z,94.0
2023-11-11T10:32:04Z,96.0
2023-11-11T10:32:09Z,94.0
2023-11-11T10:32:14Z,96.0
2023-11-11T10:32:19Z,95.0
2023-11-11T10:32:24Z,96.0
2023-11-11T10:32:29Z,93.0
2023-11-11T10:32:34Z,93.0
2023-11-11T10:32:49Z,94.0
2023-11-11T10:32:54Z,95.0
2023-11-11T10:32:59Z,93.0
2023-11-11T10:33:09Z,97.0
2023-11-11T10:33:14Z,98.0
2023-11-11T10:33:19Z,96.0
2023-11-11T10:33:24Z,94.0
2023-11-11T10:33:29Z,93.0
2023-11-11T10:33:34Z,92.0
2023-11-11T10:33:39Z,90.0
2023-11-11T10:33:54Z,90.0
2023-11-11T10:33:59Z,91.0
2023-11-11T10:34:04Z,92.0
2023-11-11T10:34:10Z,93.0
2023-11-11T10:34:20Z,91.0
2023-11-11T10:34:30Z,89.0
2023-11-11T10:34:40Z,90.0
2023-11-11T10:34:45Z,93.0
2023-11-11T10:34:55Z,91.0
2023-11-11T10:35:00Z,90.0
2023-11-11T10:35:05Z,89.0
2023-11-11T10:35:10Z,90.0
2023-11-11T10:35:20Z,91.0
2023-11-11T10:35:25Z,93.0
2023-11-11T10:35:30Z,92.0
2023-11-11T10:35:40Z,91.0
2023-11-11T10:35:50Z,90.0
2023-11-11T10:35:55Z,91.0
2023-11-11T10:36:00Z,93.0
2023-11-11T10:36:05Z,93.0
2023-11-11T10:36:10Z,93.0
2023-11-11T10:36:15Z,92.0
2023-11-11T10:36:20Z,90.0
2023-11-11T10:36:25Z,89.0
2023-11-11T10:36:30Z,87.0
2023-11-11T10:36:35Z,88.0
2023-11-11T10:36:40Z,87.0
2023-11-11T10:36:45Z,90.0
2023-11-11T10:36:51Z,92.0
2023-11-11T10:36:56Z,91.0
2023-11-11T10:37:01Z,92.0
2023-11-11T10:37:06Z,94.0
2023-11-11T10:37:11Z,98.0
2023-11-11T10:37:16Z,99.0
2023-11-11T10:37:21Z,97.0
2023-11-11T10:37:31Z,100.0
2023-11-11T10:37:41Z,102.0
2023-11-11T10:37:46Z,106.0
2023-11-11T10:37:51Z,115.0
2023-11-11T10:37:56Z,112.0
2023-11-11T10:38:01Z,113.0
2023-11-11T10:38:11Z,112.0
2023-11-11T10:38:21Z,110.0
2023-11-11T10:38:26Z,109.0
2023-11-11T10:38:36Z,104.0
2023-11-11T10:38:41Z,102.0
2023-11-11T10:38:51Z,99.0
2023-11-11T10:38:56Z,97.0
2023-11-11T10:39:01Z,92.0
2023-11-11T10:39:06Z,89.0
2023-11-11T10:39:11Z,88.0
2023-11-11T10:39:16Z,87.0
2023-11-11T10:39:21Z,88.0
2023-11-11T10:39:26Z,89.0
2023-11-11T10:39:31Z,87.0
2023-11-11T10:39:36Z,88.0
2023-11-11T10:39:41Z,89.0
2023-11-11T10:39:46Z,90.0
2023-11-11T10:39:51Z,88.0
2023-11-11T10:39:56Z,87.0
2023-11-11T10:40:01Z,86.0
2023-11-11T10:40:06Z,87.0
2023-11-11T10:40:11Z,86.0
2023-11-11T10:40:16Z,87.0
2023-11-11T10:40:21Z,86.0
2023-11-11T10:40:26Z,87.0
2023-11-11T10:40:31Z,86.0
2023-11-11T10:40:36Z,86.0
2023-11-11T10:40:41Z,87.0
2023-11-11T10:40:46Z,86.0
2023-11-11T10:40:51Z,86.0
2023-11-11T10:40:56Z,87.0
2023-11-11T10:41:11Z,87.0
2023-11-11T10:41:16Z,90.0
2023-11-11T10:41:26Z,89.0
2023-11-11T10:41:36Z,88.0
2023-11-11T10:41:41Z,89.0
2023-11-11T10:41:46Z,89.0
2023-11-11T10:41:51Z,90.0
2023-11-11T10:41:56Z,91.0
2023-11-11T10:42:01Z,89.0
2023-11-11T10:42:06Z,89.0
2023-11-11T10:42:11Z,94.0
2023-11-11T10:42:16Z,97.0
2023-11-11T10:42:21Z,96.0
2023-11-11T10:42:26Z,93.0
2023-11-11T10:42:31Z,92.0
2023-11-11T10:42:36Z,91.0
2023-11-11T10:42:41Z,86.0
2023-11-11T10:42:46Z,83.0
2023-11-11T10:42:56Z,82.0
2023-11-11T10:43:01Z,82.0
2023-11-11T10:43:11Z,85.0
2023-11-11T10:43:21Z,83.0
2023-11-11T10:43:26Z,84.0
2023-11-11T10:43:36Z,82.0
2023-11-11T10:43:41Z,84.0
2023-11-11T10:43:46Z,87.0
2023-11-11T10:43:51Z,89.0
2023-11-11T10:43:56Z,88.0
2023-11-11T10:44:01Z,87.0
2023-11-11T10:44:11Z,85.0
2023-11-11T10:44:26Z,84.0
2023-11-11T10:44:36Z,87.0
2023-11-11T10:44:41Z,88.0
2023-11-11T10:44:46Z,87.0
2023-11-11T10:44:51Z,85.0
2023-11-11T10:45:01Z,89.0
2023-11-11T10:45:06Z,86.0
2023-11-11T10:45:11Z,84.0
2023-11-11T10:45:16Z,86.0
2023-11-11T10:45:21Z,85.0
2023-11-11T10:45:26Z,84.0
2023-11-11T10:45:31Z,83.0
2023-11-11T10:45:36Z,84.0
2023-11-11T10:45:41Z,86.0
2023-11-11T10:45:51Z,87.0
2023-11-11T10:45:56Z,88.0
2023-11-11T10:46:06Z,86.0
2023-11-11T10:46:16Z,88.0
2023-11-11T10:46:26Z,85.0
2023-11-11T10:46:36Z,87.0
2023-11-11T10:46:41Z,89.0
2023-11-11T10:46:51Z,86.0
2023-11-11T10:46:56Z,85.0
2023-11-11T10:47:01Z,84.0
2023-11-11T10:47:11Z,83.0
2023-11-11T10:47:21Z,84.0
2023-11-11T10:47:26Z,85.0
2023-11-11T10:47:36Z,86.0
2023-11-11T10:47:41Z,88.0
2023-11-11T10:47:46Z,91.0
2023-11-11T10:47:51Z,89.0
2023-11-11T10:47:56Z,86.0
2023-11-11T10:48:01Z,88.0
2023-11-11T10:48:06Z,87.0
2023-11-11T10:48:11Z,85.0
2023-11-11T10:48:16Z,85.0
2023-11-11T10:48:26Z,86.0
2023-11-11T10:48:32Z,86.0
2023-11-11T10:48:37Z,88.0
2023-11-11T10:48:42Z,90.0
2023-11-11T10:48:47Z,91.0
2023-11-11T10:48:52Z,91.0
2023-11-11T10:48:57Z,85.0
2023-11-11T10:49:02Z,82.0
2023-11-11T10:49:07Z,85.0
2023-11-11T10:49:12Z,86.0
2023-11-11T10:49:18Z,87.0
2023-11-11T10:49:28Z,88.0
2023-11-11T10:49:38Z,86.0
2023-11-11T10:49:43Z,87.0
2023-11-11T10:49:48Z,88.0
2023-11-11T10:49:53Z,91.0
2023-11-11T10:49:58Z,89.0
2023-11-11T10:50:03Z,87.0
2023-11-11T10:50:08Z,86.0
2023-11-11T10:50:23Z,87.0
2023-11-11T10:50:33Z,85.0
2023-11-11T10:50:38Z,83.0
2023-11-11T10:50:43Z,81.0
2023-11-11T10:50:50Z,84.0
2023-11-11T10:50:55Z,87.0
2023-11-11T10:51:00Z,84.0
2023-11-11T10:51:05Z,85.0
2023-11-11T10:51:10Z,84.0
2023-11-11T10:51:15Z,83.0
2023-11-11T10:51:20Z,84.0
2023-11-11T10:51:25Z,85.0
2023-11-11T10:51:30Z,87.0
2023-11-11T10:51:45Z,88.0
2023-11-11T10:51:50Z,87.0
2023-11-11T10:51:55Z,88.0
2023-11-11T10:52:00Z,91.0
2023-11-11T10:52:05Z,89.0
2023-11-11T10:52:10Z,88.0
2023-11-11T10:52:15Z,85.0
2023-11-11T10:52:20Z,86.0
2023-11-11T10:52:25Z,85.0
2023-11-11T10:52:30Z,84.0
2023-11-11T10:52:35Z,86.0
2023-11-11T10:52:40Z,87.0
2023-11-11T10:52:45Z,88.0
2023-11-11T10:52:50Z,87.0
2023-11-11T10:52:55Z,86.0
2023-11-11T10:53:05Z,87.0
2023-11-11T10:53:10Z,91.0
2023-11-11T10:53:15Z,86.0
2023-11-11T10:53:20Z,87.0
2023-11-11T10:53:25Z,90.0
2023-11-11T10:53:30Z,89.0
2023-11-11T10:53:40Z,88.0
2023-11-11T10:53:45Z,89.0
2023-11-11T10:53:50Z,91.0
2023-11-11T10:53:55Z,89.0
2023-11-11T10:54:00Z,88.0
2023-11-11T10:54:15Z,84.0
2023-11-11T10:54:20Z,87.0
2023-11-11T10:54:25Z,88.0
2023-11-11T10:54:30Z,86.0
2023-11-11T10:54:35Z,88.0
2023-11-11T10:54:40Z,92.0
2023-11-11T10:54:45Z,89.0
2023-11-11T10:54:50Z,88.0
2023-11-11T10:54:55Z,90.0
2023-11-11T10:55:00Z,92.0
2023-11-11T10:55:05Z,91.0
2023-11-11T10:55:10Z,88.0
2023-11-11T10:55:15Z,87.0
2023-11-11T10:55:20Z,85.0
2023-11-11T10:55:25Z,84.0
2023-11-11T10:55:30Z,85.0
2023-11-11T10:55:35Z,87.0
2023-11-11T10:55:45Z,86.0
2023-11-11T10:56:00Z,85.0
2023-11-11T10:56:05Z,85.0
2023-11-11T10:56:15Z,87.0
2023-11-11T10:56:20Z,88.0
2023-11-11T10:56:25Z,86.0
2023-11-11T10:56:30Z,85.0
2023-11-11T10:56:35Z,84.0
2023-11-11T10:56:40Z,85.0
2023-11-11T10:56:45Z,85.0
2023-11-11T10:56:50Z,88.0
2023-11-11T10:56:55Z,90.0
2023-11-11T10:57:00Z,88.0
2023-11-11T10:57:05Z,84.0
2023-11-11T10:57:10Z,83.0
2023-11-11T10:57:15Z,82.0
2023-11-11T10:57:25Z,85.0
2023-11-11T10:57:35Z,83.0
2023-11-11T10:57:40Z,82.0
2023-11-11T10:57:45Z,86.0
2023-11-11T10:57:50Z,88.0
2023-11-11T10:57:56Z,87.0
2023-11-11T10:58:01Z,86.0
2023-11-11T10:58:06Z,85.0
2023-11-11T10:58:11Z,87.0
2023-11-11T10:58:21Z,88.0
2023-11-11T10:58:26Z,89.0
2023-11-11T10:58:31Z,90.0
2023-11-11T10:58:36Z,91.0
2023-11-11T10:58:41Z,92.0
2023-11-11T10:58:46Z,94.0
2023-11-11T10:58:51Z,91.0
2023-11-11T10:59:01Z,90.0
2023-11-11T10:59:06Z,86.0
2023-11-11T10:59:11Z,85.0
2023-11-11T10:59:16Z,87.0
2023-11-11T10:59:21Z,87.0
2023-11-11T10:59:26Z,85.0
2023-11-11T10:59:31Z,83.0
2023-11-11T10:59:41Z,84.0
2023-11-11T10:59:46Z,84.0
2023-11-11T10:59:51Z,85.0
2023-11-11T11:00:06Z,87.0
2023-11-11T11:00:11Z,88.0
2023-11-11T11:00:21Z,89.0
2023-11-11T11:00:26Z,90.0
2023-11-11T11:00:31Z,91.0
2023-11-11T11:00:36Z,89.0
2023-11-11T11:00:41Z,88.0
2023-11-11T11:00:46Z,85.0
2023-11-11T11:00:51Z,87.0
2023-11-11T11:01:01Z,86.0
2023-11-11T11:01:06Z,84.0
2023-11-11T11:01:11Z,82.0
2023-11-11T11:01:16Z,83.0
2023-11-11T11:01:21Z,84.0
2023-11-11T11:01:26Z,86.0
2023-11-11T11:01:31Z,88.0
2023-11-11T11:01:36Z,85.0
2023-11-11T11:01:41Z,86.0
2023-11-11T11:01:46Z,84.0
2023-11-11T11:01:51Z,83.0
2023-11-11T11:02:01Z,86.0
2023-11-11T11:02:06Z,87.0
2023-11-11T11:02:11Z,89.0
2023-11-11T11:02:16Z,90.0
2023-11-11T11:02:21Z,87.0
2023-11-11T11:02:26Z,88.0
2023-11-11T11:02:31Z,85.0
2023-11-11T11:02:36Z,84.0
2023-11-11T11:02:41Z,85.0
2023-11-11T11:02:46Z,87.0
2023-11-11T11:02:51Z,92.0
2023-11-11T11:02:56Z,97.0
2023-11-11T11:03:01Z,100.0
2023-11-11T11:03:06Z,94.0
2023-11-11T11:03:11Z,93.0
2023-11-11T11:03:16Z,95.0
2023-11-11T11:03:21Z,94.0
2023-11-11T11:03:26Z,96.0
2023-11-11T11:03:31Z,100.0
2023-11-11T11:03:41Z,98.0
2023-11-11T11:03:46Z,95.0
2023-11-11T11:03:51Z,94.0
2023-11-11T11:03:56Z,96.0
2023-11-11T11:04:01Z,97.0
2023-11-11T11:04:06Z,100.0
2023-11-11T11:04:11Z,96.0
2023-11-11T11:04:21Z,95.0
2023-11-11T11:04:31Z,97.0
2023-11-11T11:04:36Z,95.0
2023-11-11T11:04:41Z,94.0
2023-11-11T11:04:46Z,95.0
2023-11-11T11:04:51Z,96.0
2023-11-11T11:04:56Z,98.0
2023-11-11T11:05:01Z,97.0
2023-11-11T11:05:06Z,96.0
2023-11-11T11:05:11Z,95.0
2023-11-11T11:05:16Z,94.0
2023-11-11T11:05:21Z,95.0
2023-11-11T11:05:26Z,94.0
2023-11-11T11:05:31Z,95.0
2023-11-11T11:05:36Z,94.0
2023-11-11T11:05:41Z,95.0
2023-11-11T11:05:46Z,97.0
2023-11-11T11:05:51Z,95.0
2023-11-11T11:06:06Z,97.0
2023-11-11T11:06:11Z,95.0
2023-11-11T11:06:16Z,89.0
2023-11-11T11:06:21Z,90.0
2023-11-11T11:06:26Z,92.0
2023-11-11T11:06:31Z,91.0
2023-11-11T11:06:36Z,90.0
2023-11-11T11:06:41Z,89.0
2023-11-11T11:06:46Z,92.0
2023-11-11T11:07:01Z,92.0
2023-11-11T11:07:06Z,94.0
2023-11-11T11:07:11Z,93.0
2023-11-11T11:07:26Z,94.0
2023-11-11T11:07:31Z,95.0
2023-11-11T11:07:36Z,96.0
2023-11-11T11:07:41Z,98.0
2023-11-11T11:07:46Z,96.0
2023-11-11T11:07:51Z,93.0
2023-11-11T11:08:01Z,89.0
2023-11-11T11:08:06Z,91.0
2023-11-11T11:08:11Z,92.0
2023-11-11T11:08:16Z,94.0
2023-11-11T11:08:21Z,96.0
2023-11-11T11:08:26Z,97.0
2023-11-11T11:08:32Z,100.0
2023-11-11T11:08:37Z,98.0
2023-11-11T11:08:42Z,95.0
2023-11-11T11:08:47Z,91.0
2023-11-11T11:08:52Z,94.0
2023-11-11T11:08:57Z,98.0
2023-11-11T11:09:02Z,96.0
2023-11-11T11:09:12Z,95.0
2023-11-11T11:09:17Z,96.0
2023-11-11T11:09:22Z,94.0
2023-11-11T11:09:32Z,95.0
2023-11-11T11:09:37Z,96.0
2023-11-11T11:09:42Z,94.0
2023-11-11T11:09:47Z,92.0
2023-11-11T11:09:52Z,89.0
2023-11-11T11:09:57Z,90.0
2023-11-11T11:10:02Z,91.0
2023-11-11T11:10:12Z,90.0
2023-11-11T11:10:17Z,88.0
2023-11-11T11:10:22Z,90.0
2023-11-11T11:10:27Z,92.0
2023-11-11T11:10:37Z,91.0
2023-11-11T11:10:42Z,92.0
2023-11-11T11:10:47Z,89.0
2023-11-11T11:10:57Z,90.0
2023-11-11T11:11:02Z,93.0
2023-11-11T11:11:07Z,95.0
2023-11-11T11:11:12Z,95.0
2023-11-11T11:11:17Z,93.0
2023-11-11T11:11:27Z,91.0
2023-11-11T11:11:37Z,93.0
2023-11-11T11:11:42Z,90.0
2023-11-11T11:11:52Z,91.0
2023-11-11T11:11:57Z,92.0
2023-11-11T11:12:07Z,91.0
2023-11-11T11:12:12Z,90.0
2023-11-11T11:12:22Z,89.0
2023-11-11T11:12:27Z,90.0
2023-11-11T11:12:42Z,91.0
2023-11-11T11:12:52Z,94.0
2023-11-11T11:12:57Z,96.0
2023-11-11T11:13:07Z,93.0
2023-11-11T11:13:12Z,94.0
2023-11-11T11:13:17Z,92.0
2023-11-11T11:13:22Z,93.0
2023-11-11T11:13:27Z,94.0
2023-11-11T11:13:32Z,93.0
2023-11-11T11:13:37Z,92.0
2023-11-11T11:13:42Z,91.0
2023-11-11T11:13:47Z,92.0
2023-11-11T11:13:52Z,94.0
2023-11-11T11:13:57Z,93.0
2023-11-11T11:14:02Z,91.0
2023-11-11T11:14:07Z,94.0
2023-11-11T11:14:12Z,94.0
2023-11-11T11:14:17Z,93.0
2023-11-11T11:14:22Z,92.0
2023-11-11T11:14:28Z,91.0
2023-11-11T11:14:33Z,93.0
2023-11-11T11:14:38Z,96.0
2023-11-11T11:14:43Z,97.0
2023-11-11T11:14:48Z,96.0
2023-11-11T11:14:53Z,94.0
2023-11-11T11:14:58Z,95.0
2023-11-11T11:15:03Z,92.0
2023-11-11T11:15:08Z,91.0
2023-11-11T11:15:13Z,95.0
2023-11-11T11:15:18Z,90.0
2023-11-11T11:15:23Z,89.0
2023-11-11T11:15:28Z,93.0
2023-11-11T11:15:38Z,94.0
2023-11-11T11:15:43Z,90.0
2023-11-11T11:15:53Z,93.0
2023-11-11T11:15:58Z,94.0
2023-11-11T11:16:03Z,93.0
2023-11-11T11:16:09Z,92.0
2023-11-11T11:16:14Z,93.0
2023-11-11T11:16:19Z,96.0
2023-11-11T11:16:34Z,93.0
2023-11-11T11:16:39Z,90.0
2023-11-11T11:16:44Z,91.0
2023-11-11T11:16:49Z,92.0
2023-11-11T11:17:04Z,93.0
2023-11-11T11:17:14Z,95.0
2023-11-11T11:17:19Z,95.0
2023-11-11T11:17:24Z,92.0
2023-11-11T11:17:29Z,91.0
2023-11-11T11:17:34Z,92.0
2023-11-11T11:17:39Z,90.0
2023-11-11T11:17:44Z,91.0
2023-11-11T11:17:49Z,92.0
2023-11-11T11:17:54Z,94.0
2023-11-11T11:17:59Z,95.0
2023-11-11T11:18:09Z,91.0
2023-11-11T11:18:19Z,91.0
2023-11-11T11:18:24Z,89.0
2023-11-11T11:18:29Z,88.0
2023-11-11T11:18:34Z,87.0
2023-11-11T11:18:39Z,90.0
2023-11-11T11:18:44Z,93.0
2023-11-11T11:18:49Z,95.0
2023-11-11T11:18:54Z,93.0
2023-11-11T11:18:59Z,92.0
2023-11-11T11:19:04Z,91.0
2023-11-11T11:19:09Z,92.0
2023-11-11T11:19:19Z,94.0
2023-11-11T11:19:24Z,93.0
2023-11-11T11:19:39Z,94.0
2023-11-11T11:19:44Z,93.0
2023-11-11T11:19:49Z,91.0
2023-11-11T11:19:54Z,92.0
2023-11-11T11:19:59Z,93.0
2023-11-11T11:20:04Z,92.0
2023-11-11T11:20:09Z,97.0
2023-11-11T11:20:14Z,99.0
2023-11-11T11:20:19Z,98.0
2023-11-11T11:20:24Z,97.0
2023-11-11T11:20:29Z,98.0
2023-11-11T11:20:34Z,100.0
2023-11-11T11:20:39Z,99.0
2023-11-11T11:20:44Z,96.0
2023-11-11T11:20:49Z,92.0
2023-11-11T11:20:59Z,90.0
2023-11-11T11:21:04Z,91.0
2023-11-11T11:21:10Z,91.0
2023-11-11T11:21:25Z,92.0
2023-11-11T11:21:30Z,94.0
2023-11-11T11:21:40Z,93.0
2023-11-11T11:21:45Z,94.0
2023-11-11T11:21:55Z,96.0
2023-11-11T11:22:00Z,98.0
2023-11-11T11:22:05Z,99.0
2023-11-11T11:22:20Z,99.0
2023-11-11T11:22:35Z,98.0
2023-11-11T11:22:40Z,95.0
2023-11-11T11:22:45Z,94.0
2023-11-11T11:22:50Z,91.0
2023-11-11T11:22:55Z,92.0
2023-11-11T11:23:00Z,93.0
2023-11-11T11:23:05Z,94.0
2023-11-11T11:23:10Z,96.0
2023-11-11T11:23:15Z,94.0
2023-11-11T11:23:25Z,97.0
2023-11-11T11:23:35Z,98.0
2023-11-11T11:23:40Z,96.0
2023-11-11T11:23:50Z,97.0
2023-11-11T11:23:55Z,96.0
2023-11-11T11:24:05Z,93.0
2023-11-11T11:24:10Z,93.0
2023-11-11T11:24:15Z,96.0
2023-11-11T11:24:25Z,97.0
2023-11-11T11:24:30Z,99.0
2023-11-11T11:24:40Z,98.0
2023-11-11T11:24:45Z,99.0
2023-11-11T11:24:55Z,98.0
2023-11-11T11:25:00Z,101.0
2023-11-11T11:25:10Z,102.0
2023-11-11T11:25:15Z,99.0
2023-11-11T11:25:25Z,97.0
2023-11-11T11:25:35Z,98.0
2023-11-11T11:25:40Z,97.0
2023-11-11T11:25:45Z,98.0
2023-11-11T11:25:50Z,97.0
2023-11-11T11:25:55Z,94.0
2023-11-11T11:26:00Z,96.0
2023-11-11T11:26:05Z,97.0
2023-11-11T11:26:10Z,98.0
2023-11-11T11:26:15Z,97.0
2023-11-11T11:26:20Z,96.0
2023-11-11T11:26:30Z,97.0
2023-11-11T11:26:35Z,99.0
2023-11-11T11:26:40Z,101.0
2023-11-11T11:26:45Z,96.0
2023-11-11T11:26:50Z,89.0
2023-11-11T11:27:00Z,91.0
2023-11-11T11:27:15Z,92.0
2023-11-11T11:27:20Z,94.0
2023-11-11T11:27:30Z,93.0
2023-11-11T11:27:35Z,94.0
2023-11-11T11:27:40Z,95.0
2023-11-11T11:27:45Z,100.0
2023-11-11T11:27:50Z,101.0
2023-11-11T11:27:55Z,102.0
2023-11-11T11:28:00Z,105.0
2023-11-11T11:28:05Z,104.0
2023-11-11T11:28:10Z,98.0
2023-11-11T11:28:15Z,98.0
2023-11-11T11:28:20Z,99.0
2023-11-11T11:28:35Z,100.0
2023-11-11T11:28:40Z,98.0
2023-11-11T11:28:45Z,99.0
2023-11-11T11:28:50Z,100.0
2023-11-11T11:28:55Z,102.0
2023-11-11T11:29:00Z,104.0
2023-11-11T11:29:05Z,103.0
2023-11-11T11:29:20Z,104.0
2023-11-11T11:29:25Z,105.0
2023-11-11T11:29:35Z,106.0
2023-11-11T11:29:40Z,105.0
2023-11-11T11:29:45Z,106.0
2023-11-11T11:29:55Z,107.0
2023-11-11T11:30:00Z,105.0
2023-11-11T11:30:05Z,106.0
2023-11-11T11:30:10Z,105.0
2023-11-11T11:30:15Z,104.0
2023-11-11T11:30:20Z,105.0
2023-11-11T11:30:25Z,103.0
2023-11-11T11:30:30Z,101.0
2023-11-11T11:30:35Z,103.0
2023-11-11T11:30:40Z,102.0
2023-11-11T11:30:45Z,104.0
2023-11-11T11:30:50Z,103.0
2023-11-11T11:30:55Z,105.0
2023-11-11T11:31:00Z,106.0
2023-11-11T11:31:05Z,108.0
2023-11-11T11:31:10Z,106.0
2023-11-11T11:31:15Z,105.0
2023-11-11T11:31:20Z,101.0
2023-11-11T11:31:25Z,98.0
2023-11-11T11:31:30Z,97.0
2023-11-11T11:31:35Z,96.0
2023-11-11T11:31:40Z,95.0
2023-11-11T11:31:45Z,90.0
2023-11-11T11:31:55Z,93.0
2023-11-11T11:32:00Z,96.0
2023-11-11T11:32:05Z,93.0
2023-11-11T11:32:10Z,90.0
2023-11-11T11:32:20Z,91.0
2023-11-11T11:32:25Z,93.0
2023-11-11T11:32:30Z,94.0
2023-11-11T11:32:45Z,93.0
2023-11-11T11:32:55Z,95.0
2023-11-11T11:33:00Z,88.0
2023-11-11T11:33:05Z,85.0
2023-11-11T11:33:10Z,85.0
2023-11-11T11:33:15Z,86.0
2023-11-11T11:33:20Z,84.0
2023-11-11T11:33:25Z,84.0
2023-11-11T11:33:30Z,85.0
2023-11-11T11:33:40Z,85.0
2023-11-11T11:33:45Z,88.0
2023-11-11T11:33:50Z,89.0
2023-11-11T11:33:55Z,87.0
2023-11-11T11:34:00Z,86.0
2023-11-11T11:34:05Z,87.0
2023-11-11T11:34:20Z,87.0
2023-11-11T11:34:25Z,88.0
2023-11-11T11:34:30Z,84.0
2023-11-11T11:34:35Z,83.0
2023-11-11T11:34:40Z,84.0
2023-11-11T11:34:45Z,84.0
2023-11-11T11:34:50Z,85.0
2023-11-11T11:34:55Z,83.0
2023-11-11T11:35:00Z,84.0
2023-11-11T11:35:05Z,85.0
2023-11-11T11:35:10Z,86.0
2023-11-11T11:35:15Z,88.0
2023-11-11T11:35:20Z,87.0
2023-11-11T11:35:25Z,89.0
2023-11-11T11:35:30Z,90.0
2023-11-11T11:35:35Z,88.0
2023-11-11T11:35:40Z,84.0
2023-11-11T11:35:45Z,83.0
2023-11-11T11:35:55Z,81.0
2023-11-11T11:36:00Z,80.0
2023-11-11T11:36:05Z,80.0
2023-11-11T11:36:10Z,81.0
2023-11-11T11:36:15Z,82.0
2023-11-11T11:36:20Z,84.0
2023-11-11T11:36:25Z,85.0
2023-11-11T11:36:40Z,83.0
2023-11-11T11:36:45Z,83.0
2023-11-11T11:36:50Z,86.0
2023-11-11T11:36:55Z,86.0
2023-11-11T11:37:00Z,84.0
2023-11-11T11:37:10Z,85.0
2023-11-11T11:37:20Z,84.0
2023-11-11T11:37:30Z,84.0
2023-11-11T11:37:35Z,87.0
2023-11-11T11:37:40Z,88.0
2023-11-11T11:37:45Z,87.0
2023-11-11T11:37:55Z,85.0
2023-11-11T11:38:00Z,83.0
2023-11-11T11:38:10Z,88.0
2023-11-11T11:38:15Z,87.0
2023-11-11T11:38:20Z,84.0
2023-11-11T11:38:25Z,83.0
2023-11-11T11:38:30Z,82.0
2023-11-11T11:38:35Z,83.0
2023-11-11T11:38:40Z,82.0
2023-11-11T11:38:45Z,82.0
2023-11-11T11:38:50Z,84.0
2023-11-11T11:38:55Z,86.0
2023-11-11T11:39:00Z,87.0
2023-11-11T11:39:10Z,89.0
2023-11-11T11:39:15Z,92.0
2023-11-11T11:39:20Z,95.0
2023-11-11T11:39:25Z,86.0
2023-11-11T11:39:35Z,88.0
2023-11-11T11:39:40Z,91.0
2023-11-11T11:39:45Z,93.0
2023-11-11T11:39:50Z,91.0
2023-11-11T11:39:55Z,88.0
2023-11-11T11:40:00Z,89.0
2023-11-11T11:40:05Z,92.0
2023-11-11T11:40:10Z,90.0
2023-11-11T11:40:15Z,89.0
2023-11-11T11:40:20Z,86.0
2023-11-11T11:40:25Z,85.0
2023-11-11T11:40:30Z,87.0
2023-11-11T11:40:35Z,89.0
2023-11-11T11:40:40Z,87.0
2023-11-11T11:40:45Z,87.0
2023-11-11T11:40:50Z,90.0
2023-11-11T11:40:55Z,91.0
2023-11-11T11:41:00Z,89.0
2023-11-11T11:41:05Z,87.0
2023-11-11T11:41:10Z,84.0
2023-11-11T11:41:20Z,84.0
2023-11-11T11:41:25Z,86.0
2023-11-11T11:41:30Z,87.0
2023-11-11T11:41:35Z,87.0
2023-11-11T11:41:40Z,87.0
2023-11-11T11:41:45Z,88.0
2023-11-11T11:41:50Z,90.0
2023-11-11T11:41:55Z,87.0
2023-11-11T11:42:00Z,85.0
2023-11-11T11:42:05Z,85.0
2023-11-11T11:42:20Z,87.0
2023-11-11T11:42:25Z,88.0
2023-11-11T11:42:35Z,87.0
2023-11-11T11:42:40Z,85.0
2023-11-11T11:42:45Z,85.0
2023-11-11T11:42:50Z,88.0
2023-11-11T11:42:55Z,90.0
2023-11-11T11:43:00Z,88.0
2023-11-11T11:43:05Z,86.0
2023-11-11T11:43:10Z,83.0
2023-11-11T11:43:15Z,80.0
2023-11-11T11:43:20Z,79.0
2023-11-11T11:43:25Z,80.0
2023-11-11T11:43:30Z,83.0
2023-11-11T11:43:35Z,84.0
2023-11-11T11:43:45Z,85.0
2023-11-11T11:43:50Z,90.0
2023-11-11T11:43:55Z,93.0
2023-11-11T11:44:05Z,88.0
2023-11-11T11:44:10Z,86.0
2023-11-11T11:44:15Z,88.0
2023-11-11T11:44:25Z,90.0
2023-11-11T11:44:30Z,88.0
2023-11-11T11:44:35Z,91.0
2023-11-11T11:44:40Z,94.0
2023-11-11T11:44:45Z,96.0
2023-11-11T11:44:50Z,97.0
2023-11-11T11:44:55Z,92.0
2023-11-11T11:45:05Z,95.0
2023-11-11T11:45:10Z,96.0
2023-11-11T11:45:15Z,95.0
2023-11-11T11:45:30Z,93.0
2023-11-11T11:45:35Z,90.0
2023-11-11T11:45:45Z,89.0
2023-11-11T11:45:55Z,90.0
2023-11-11T11:46:00Z,91.0
2023-11-11T11:46:05Z,92.0
2023-11-11T11:46:10Z,91.0
2023-11-11T11:46:15Z,91.0
2023-11-11T11:46:20Z,89.0
2023-11-11T11:46:25Z,89.0
2023-11-11T11:46:30Z,88.0
2023-11-11T11:46:35Z,91.0
2023-11-11T11:46:40Z,92.0
2023-11-11T11:46:50Z,94.0
2023-11-11T11:47:00Z,92.0
2023-11-11T11:47:05Z,95.0
2023-11-11T11:47:10Z,93.0
2023-11-11T11:47:15Z,91.0
2023-11-11T11:47:20Z,90.0
2023-11-11T11:47:35Z,89.0
2023-11-11T11:47:45Z,88.0
2023-11-11T11:47:50Z,89.0
2023-11-11T11:47:55Z,91.0
2023-11-11T11:48:00Z,93.0
2023-11-11T11:48:05Z,92.0
2023-11-11T11:48:15Z,91.0
2023-11-11T11:48:25Z,93.0
2023-11-11T11:48:30Z,90.0
2023-11-11T11:48:35Z,89.0
2023-11-11T11:48:40Z,90.0
2023-11-11T11:48:45Z,92.0
2023-11-11T11:48:50Z,87.0
2023-11-11T11:48:55Z,85.0
2023-11-11T11:49:10Z,84.0
2023-11-11T11:49:15Z,84.0
2023-11-11T11:49:20Z,88.0
2023-11-11T11:49:25Z,89.0
2023-11-11T11:49:30Z,92.0
2023-11-11T11:49:35Z,98.0
2023-11-11T11:49:40Z,102.0
2023-11-11T11:49:45Z,104.0
2023-11-11T11:49:55Z,108.0
2023-11-11T11:50:00Z,105.0
2023-11-11T11:50:05Z,106.0
2023-11-11T11:50:15Z,107.0
2023-11-11T11:50:20Z,101.0
2023-11-11T11:50:25Z,96.0
2023-11-11T11:50:30Z,94.0
2023-11-11T11:50:35Z,91.0
2023-11-11T11:50:40Z,87.0
2023-11-11T11:50:45Z,84.0
2023-11-11T11:50:55Z,83.0
2023-11-11T11:51:00Z,82.0
2023-11-11T11:51:05Z,80.0
2023-11-11T11:51:10Z,79.0
2023-11-11T11:51:15Z,81.0
2023-11-11T11:51:20Z,84.0
2023-11-11T11:51:30Z,84.0
2023-11-11T11:51:35Z,81.0
2023-11-11T11:51:40Z,80.0
2023-11-11T11:51:45Z,81.0
2023-11-11T11:51:50Z,79.0
2023-11-11T11:52:00Z,79.0
2023-11-11T11:52:05Z,80.0
2023-11-11T11:52:15Z,79.0
2023-11-11T11:52:20Z,78.0
2023-11-11T11:52:25Z,78.0
2023-11-11T11:52:30Z,79.0
2023-11-11T11:52:35Z,80.0
2023-11-11T11:52:40Z,84.0
2023-11-11T11:52:45Z,83.0
2023-11-11T11:52:50Z,82.0
2023-11-11T11:52:55Z,81.0
2023-11-11T11:53:10Z,81.0
2023-11-11T11:53:15Z,80.0
2023-11-11T11:53:20Z,82.0
2023-11-11T11:53:26Z,81.0
2023-11-11T11:53:41Z,81.0
2023-11-11T11:53:51Z,80.0
2023-11-11T11:53:56Z,79.0
2023-11-11T11:54:01Z,81.0
2023-11-11T11:54:06Z,79.0
2023-11-11T11:54:11Z,78.0
2023-11-11T11:54:16Z,80.0
2023-11-11T11:54:21Z,81.0
2023-11-11T11:54:26Z,80.0
2023-11-11T11:54:31Z,79.0
2023-11-11T11:54:36Z,80.0
2023-11-11T11:54:41Z,81.0
2023-11-11T11:54:46Z,82.0
2023-11-11T11:54:51Z,83.0
2023-11-11T11:54:56Z,81.0
2023-11-11T11:55:01Z,80.0
2023-11-11T11:55:11Z,79.0
2023-11-11T11:55:21Z,78.0
2023-11-11T11:55:26Z,79.0
2023-11-11T11:55:31Z,80.0
2023-11-11T11:55:41Z,79.0
2023-11-11T11:55:46Z,80.0
2023-11-11T11:55:51Z,81.0
2023-11-11T11:55:56Z,83.0
2023-11-11T11:56:01Z,80.0
2023-11-11T11:56:06Z,78.0
2023-11-11T11:56:11Z,76.0
2023-11-11T11:56:16Z,75.0
2023-11-11T11:56:21Z,74.0
2023-11-11T11:56:26Z,77.0
2023-11-11T11:56:31Z,79.0
2023-11-11T11:56:36Z,84.0
2023-11-11T11:56:41Z,89.0
2023-11-11T11:56:46Z,85.0
2023-11-11T11:56:51Z,82.0
2023-11-11T11:56:56Z,81.0
2023-11-11T11:57:01Z,80.0
2023-11-11T11:57:06Z,78.0
2023-11-11T11:57:11Z,76.0
2023-11-11T11:57:16Z,77.0
2023-11-11T11:57:21Z,76.0
2023-11-11T11:57:31Z,75.0
2023-11-11T11:57:36Z,76.0
2023-11-11T11:57:41Z,77.0
2023-11-11T11:57:46Z,79.0
2023-11-11T11:58:01Z,80.0
2023-11-11T11:58:06Z,79.0
2023-11-11T11:58:11Z,78.0
2023-11-11T11:58:21Z,79.0
2023-11-11T11:58:26Z,80.0
2023-11-11T11:58:31Z,82.0
2023-11-11T11:58:36Z,84.0
2023-11-11T11:58:41Z,83.0
2023-11-11T11:58:46Z,84.0
2023-11-11T11:58:51Z,83.0
2023-11-11T11:58:56Z,82.0
2023-11-11T11:59:01Z,81.0
2023-11-11T11:59:16Z,81.0
2023-11-11T11:59:21Z,85.0
2023-11-11T11:59:26Z,84.0
2023-11-11T11:59:31Z,82.0
2023-11-11T11:59:41Z,79.0
2023-11-11T11:59:46Z,80.0
2023-11-11T11:59:51Z,81.0
2023-11-11T12:00:01Z,84.0
2023-11-11T12:00:06Z,82.0
2023-11-11T12:00:11Z,82.0
2023-11-11T12:00:16Z,81.0
2023-11-11T12:00:31Z,80.0
2023-11-11T12:00:36Z,79.0
2023-11-11T12:00:46Z,80.0
2023-11-11T12:00:51Z,81.0
2023-11-11T12:00:56Z,84.0
2023-11-11T12:01:06Z,83.0
2023-11-11T12:01:12Z,83.0
2023-11-11T12:01:17Z,82.0
2023-11-11T12:01:22Z,81.0
2023-11-11T12:01:27Z,80.0
2023-11-11T12:01:32Z,79.0
2023-11-11T12:01:37Z,80.0
2023-11-11T12:01:42Z,82.0
2023-11-11T12:01:47Z,85.0
2023-11-11T12:01:52Z,86.0
2023-11-11T12:01:57Z,89.0
2023-11-11T12:02:07Z,83.0
2023-11-11T12:02:12Z,81.0
2023-11-11T12:02:17Z,80.0
2023-11-11T12:02:32Z,80.0
2023-11-11T12:02:37Z,81.0
2023-11-11T12:02:42Z,80.0
2023-11-11T12:02:47Z,81.0
2023-11-11T12:02:57Z,82.0
2023-11-11T12:03:12Z,81.0
2023-11-11T12:03:27Z,84.0
2023-11-11T12:03:32Z,85.0
2023-11-11T12:03:37Z,87.0
2023-11-11T12:03:42Z,88.0
2023-11-11T12:03:47Z,85.0
2023-11-11T12:03:52Z,84.0
2023-11-11T12:03:57Z,83.0
2023-11-11T12:04:02Z,81.0
2023-11-11T12:04:07Z,80.0
2023-11-11T12:04:12Z,79.0
2023-11-11T12:04:17Z,80.0
2023-11-11T12:04:22Z,82.0
2023-11-11T12:04:32Z,81.0
2023-11-11T12:04:47Z,83.0
2023-11-11T12:04:52Z,86.0
2023-11-11T12:04:57Z,89.0
2023-11-11T12:05:02Z,93.0
2023-11-11T12:05:07Z,92.0
2023-11-11T12:05:12Z,90.0
2023-11-11T12:05:17Z,88.0
2023-11-11T12:05:22Z,85.0
2023-11-11T12:05:32Z,87.0
2023-11-11T12:05:37Z,92.0
2023-11-11T12:05:42Z,87.0
2023-11-11T12:05:47Z,79.0
2023-11-11T12:05:52Z,78.0
2023-11-11T12:05:57Z,81.0
2023-11-11T12:06:02Z,82.0
2023-11-11T12:06:07Z,81.0
2023-11-11T12:06:12Z,82.0
2023-11-11T12:06:17Z,81.0
2023-11-11T12:06:22Z,79.0
2023-11-11T12:06:27Z,77.0
2023-11-11T12:06:37Z,78.0
2023-11-11T12:06:47Z,79.0
2023-11-11T12:06:52Z,80.0
2023-11-11T12:07:02Z,79.0
2023-11-11T12:07:07Z,78.0
2023-11-11T12:07:12Z,79.0
2023-11-11T12:07:22Z,78.0
2023-11-11T12:07:27Z,77.0
2023-11-11T12:07:32Z,79.0
2023-11-11T12:07:42Z,80.0
2023-11-11T12:07:47Z,81.0
2023-11-11T12:07:52Z,80.0
2023-11-11T12:07:57Z,82.0
2023-11-11T12:08:02Z,84.0
2023-11-11T12:08:07Z,83.0
2023-11-11T12:08:17Z,82.0
2023-11-11T12:08:22Z,81.0
2023-11-11T12:08:27Z,79.0
2023-11-11T12:08:32Z,78.0
2023-11-11T12:08:37Z,77.0
2023-11-11T12:08:42Z,76.0
2023-11-11T12:08:52Z,77.0
2023-11-11T12:08:57Z,78.0
2023-11-11T12:09:07Z,81.0
2023-11-11T12:09:12Z,82.0
2023-11-11T12:09:17Z,79.0
2023-11-11T12:09:22Z,80.0
2023-11-11T12:09:37Z,81.0
2023-11-11T12:09:42Z,80.0
2023-11-11T12:09:47Z,80.0
2023-11-11T12:09:52Z,80.0
2023-11-11T12:09:57Z,79.0
2023-11-11T12:10:12Z,78.0
2023-11-11T12:10:17Z,80.0
2023-11-11T12:10:22Z,82.0
2023-11-11T12:10:27Z,84.0
2023-11-11T12:10:32Z,83.0
2023-11-11T12:10:37Z,82.0
2023-11-11T12:10:42Z,84.0
2023-11-11T12:10:47Z,86.0
2023-11-11T12:10:52Z,88.0
2023-11-11T12:11:02Z,77.0
2023-11-11T12:11:07Z,76.0
2023-11-11T12:11:12Z,77.0
2023-11-11T12:11:17Z,76.0
2023-11-11T12:11:22Z,77.0
2023-11-11T12:11:27Z,80.0
2023-11-11T12:11:32Z,79.0
2023-11-11T12:11:37Z,83.0
2023-11-11T12:11:42Z,82.0
2023-11-11T12:11:47Z,80.0
2023-11-11T12:11:52Z,81.0
2023-11-11T12:11:57Z,85.0
2023-11-11T12:12:12Z,88.0
2023-11-11T12:12:17Z,83.0
2023-11-11T12:12:22Z,80.0
2023-11-11T12:12:27Z,81.0
2023-11-11T12:12:32Z,82.0
2023-11-11T12:12:37Z,83.0
2023-11-11T12:12:42Z,85.0
2023-11-11T12:12:47Z,90.0
2023-11-11T12:12:57Z,94.0
2023-11-11T12:13:02Z,95.0
2023-11-11T12:13:07Z,96.0
2023-11-11T12:13:12Z,90.0
2023-11-11T12:13:17Z,89.0
2023-11-11T12:13:22Z,88.0
2023-11-11T12:13:27Z,91.0
2023-11-11T12:13:32Z,92.0
2023-11-11T12:13:42Z,95.0
2023-11-11T12:13:47Z,98.0
2023-11-11T12:13:52Z,97.0
2023-11-11T12:13:57Z,97.0
2023-11-11T12:14:02Z,99.0
2023-11-11T12:14:07Z,97.0
2023-11-11T12:14:12Z,93.0
2023-11-11T12:14:17Z,90.0
2023-11-11T12:14:22Z,90.0
2023-11-11T12:14:27Z,93.0
2023-11-11T12:14:32Z,98.0
2023-11-11T12:14:37Z,97.0
2023-11-11T12:14:42Z,94.0
2023-11-11T12:14:47Z,97.0
2023-11-11T12:14:52Z,98.0
2023-11-11T12:14:57Z,97.0
2023-11-11T12:15:02Z,95.0
2023-11-11T12:15:07Z,89.0
2023-11-11T12:15:12Z,88.0
2023-11-11T12:15:17Z,93.0
2023-11-11T12:15:22Z,94.0
2023-11-11T12:15:27Z,93.0
2023-11-11T12:15:37Z,90.0
2023-11-11T12:15:42Z,86.0
2023-11-11T12:15:47Z,87.0
2023-11-11T12:15:53Z,85.0
2023-11-11T12:16:03Z,87.0
2023-11-11T12:16:08Z,86.0
2023-11-11T12:16:13Z,87.0
2023-11-11T12:16:18Z,89.0
2023-11-11T12:16:28Z,88.0
2023-11-11T12:16:33Z,89.0
2023-11-11T12:16:43Z,85.0
2023-11-11T12:16:48Z,86.0
2023-11-11T12:16:53Z,87.0
2023-11-11T12:16:58Z,86.0
2023-11-11T12:17:03Z,88.0
2023-11-11T12:17:08Z,89.0
2023-11-11T12:17:13Z,92.0
2023-11-11T12:17:18Z,90.0
2023-11-11T12:17:23Z,88.0
2023-11-11T12:17:28Z,89.0
2023-11-11T12:17:33Z,88.0
2023-11-11T12:17:38Z,90.0
2023-11-11T12:17:43Z,94.0
2023-11-11T12:17:48Z,96.0
2023-11-11T12:17:53Z,95.0
2023-11-11T12:17:58Z,94.0
2023-11-11T12:18:03Z,91.0
2023-11-11T12:18:08Z,90.0
2023-11-11T12:18:13Z,91.0
2023-11-11T12:18:18Z,93.0
2023-11-11T12:18:23Z,96.0
2023-11-11T12:18:28Z,95.0
2023-11-11T12:18:38Z,97.0
2023-11-11T12:18:43Z,94.0
2023-11-11T12:18:48Z,93.0
2023-11-11T12:18:58Z,92.0
2023-11-11T12:19:03Z,90.0
2023-11-11T12:19:08Z,91.0
2023-11-11T12:19:13Z,88.0
2023-11-11T12:19:28Z,84.0
2023-11-11T12:19:33Z,83.0
2023-11-11T12:19:38Z,82.0
2023-11-11T12:19:43Z,81.0
2023-11-11T12:19:48Z,83.0
2023-11-11T12:19:58Z,85.0
2023-11-11T12:20:03Z,87.0
2023-11-11T12:20:08Z,89.0
2023-11-11T12:20:13Z,84.0
2023-11-11T12:20:18Z,83.0
2023-11-11T12:20:23Z,81.0
2023-11-11T12:20:28Z,84.0
2023-11-11T12:20:33Z,92.0
2023-11-11T12:20:38Z,96.0
2023-11-11T12:20:43Z,93.0
2023-11-11T12:20:48Z,95.0
2023-11-11T12:20:53Z,97.0
2023-11-11T12:20:58Z,97.0
2023-11-11T12:21:03Z,95.0
2023-11-11T12:21:08Z,89.0
2023-11-11T12:21:13Z,84.0
2023-11-11T12:21:18Z,85.0
2023-11-11T12:21:23Z,87.0
2023-11-11T12:21:28Z,88.0
2023-11-11T12:21:33Z,89.0
2023-11-11T12:21:48Z,89.0
2023-11-11T12:21:58Z,90.0
2023-11-11T12:22:03Z,93.0
2023-11-11T12:22:08Z,91.0
2023-11-11T12:22:13Z,93.0
2023-11-11T12:22:28Z,92.0
2023-11-11T12:22:43Z,93.0
2023-11-11T12:22:58Z,94.0
2023-11-11T12:23:03Z,95.0
2023-11-11T12:23:13Z,94.0
2023-11-11T12:23:18Z,93.0
2023-11-11T12:23:23Z,95.0
2023-11-11T12:23:28Z,94.0
2023-11-11T12:23:33Z,93.0
2023-11-11T12:23:38Z,92.0
2023-11-11T12:23:43Z,91.0
2023-11-11T12:23:53Z,89.0
2023-11-11T12:23:58Z,91.0
2023-11-11T12:24:03Z,96.0
2023-11-11T12:24:08Z,98.0
2023-11-11T12:24:18Z,92.0
2023-11-11T12:24:28Z,93.0
2023-11-11T12:24:33Z,92.0
2023-11-11T12:24:38Z,91.0
2023-11-11T12:24:43Z,95.0
2023-11-11T12:24:48Z,94.0
2023-11-11T12:24:53Z,95.0
2023-11-11T12:24:58Z,92.0
2023-11-11T12:25:03Z,91.0
2023-11-11T12:25:08Z,92.0
2023-11-11T12:25:13Z,93.0
2023-11-11T12:25:18Z,94.0
2023-11-11T12:25:33Z,94.0
2023-11-11T12:25:48Z,92.0
2023-11-11T12:25:53Z,91.0
2023-11-11T12:25:58Z,95.0
2023-11-11T12:26:03Z,93.0
2023-11-11T12:26:08Z,91.0
2023-11-11T12:26:13Z,92.0
2023-11-11T12:26:18Z,93.0
2023-11-11T12:26:23Z,94.0
2023-11-11T12:26:28Z,95.0
2023-11-11T12:26:33Z,92.0
2023-11-11T12:26:38Z,91.0
2023-11-11T12:26:43Z,92.0
2023-11-11T12:26:53Z,90.0
2023-11-11T12:26:58Z,94.0
2023-11-11T12:27:03Z,95.0
2023-11-11T12:27:08Z,94.0
2023-11-11T12:27:13Z,91.0
2023-11-11T12:27:23Z,92.0
2023-11-11T12:27:28Z,91.0
2023-11-11T12:27:33Z,93.0
2023-11-11T12:27:43Z,95.0
2023-11-11T12:27:48Z,99.0
2023-11-11T12:27:53Z,97.0
2023-11-11T12:27:58Z,95.0
2023-11-11T12:28:03Z,96.0
2023-11-11T12:28:08Z,94.0
2023-11-11T12:28:13Z,95.0
2023-11-11T12:28:18Z,93.0
2023-11-11T12:28:28Z,94.0
2023-11-11T12:28:38Z,93.0
2023-11-11T12:28:43Z,92.0
2023-11-11T12:28:48Z,91.0
2023-11-11T12:28:58Z,90.0
2023-11-11T12:29:13Z,92.0
2023-11-11T12:29:18Z,94.0
2023-11-11T12:29:23Z,92.0
2023-11-11T12:29:28Z,91.0
2023-11-11T12:29:33Z,89.0
2023-11-11T12:29:38Z,87.0
2023-11-11T12:29:48Z,91.0
2023-11-11T12:29:53Z,95.0
2023-11-11T12:29:58Z,99.0
2023-11-11T12:30:03Z,88.0
2023-11-11T12:30:08Z,81.0
2023-11-11T12:30:18Z,83.0
2023-11-11T12:30:23Z,86.0
2023-11-11T12:30:33Z,88.0
2023-11-11T12:30:38Z,91.0
2023-11-11T12:30:48Z,89.0
2023-11-11T12:30:53Z,90.0
2023-11-11T12:30:58Z,92.0
2023-11-11T12:31:03Z,93.0
2023-11-11T12:31:08Z,93.0
2023-11-11T12:31:13Z,88.0
2023-11-11T12:31:18Z,85.0
2023-11-11T12:31:28Z,87.0
2023-11-11T12:31:33Z,92.0
2023-11-11T12:31:38Z,96.0
2023-11-11T12:31:43Z,101.0
2023-11-11T12:31:48Z,99.0
2023-11-11T12:31:58Z,100.0
2023-11-11T12:32:03Z,98.0
2023-11-11T12:32:08Z,100.0
2023-11-11T12:32:13Z,101.0
2023-11-11T12:32:18Z,97.0
2023-11-11T12:32:23Z,96.0
2023-11-11T12:32:28Z,94.0
2023-11-11T12:32:38Z,93.0
2023-11-11T12:32:43Z,94.0
2023-11-11T12:32:48Z,93.0
2023-11-11T12:33:03Z,95.0
2023-11-11T12:33:08Z,94.0
2023-11-11T12:33:23Z,94.0
2023-11-11T12:33:28Z,97.0
2023-11-11T12:33:38Z,95.0
2023-11-11T12:33:43Z,93.0
2023-11-11T12:33:48Z,95.0
2023-11-11T12:33:53Z,93.0
2023-11-11T12:33:58Z,91.0
2023-11-11T12:34:08Z,92.0
2023-11-11T12:34:13Z,93.0
2023-11-11T12:34:28Z,93.0
2023-11-11T12:34:33Z,92.0
2023-11-11T12:34:38Z,89.0
2023-11-11T12:34:43Z,90.0
2023-11-11T12:34:48Z,89.0
2023-11-11T12:35:03Z,89.0
2023-11-11T12:35:08Z,90.0
2023-11-11T12:35:13Z,89.0
2023-11-11T12:35:18Z,90.0
2023-11-11T12:35:23Z,92.0
2023-11-11T12:35:28Z,91.0
2023-11-11T12:35:33Z,94.0
2023-11-11T12:35:38Z,94.0
2023-11-11T12:35:43Z,95.0
2023-11-11T12:35:48Z,93.0
2023-11-11T12:36:03Z,93.0
2023-11-11T12:36:08Z,94.0
2023-11-11T12:36:13Z,97.0
2023-11-11T12:36:23Z,91.0
2023-11-11T12:36:28Z,87.0
2023-11-11T12:36:33Z,89.0
2023-11-11T12:36:43Z,91.0
2023-11-11T12:36:48Z,93.0
2023-11-11T12:36:53Z,94.0
2023-11-11T12:36:58Z,93.0
2023-11-11T12:37:08Z,91.0
2023-11-11T12:37:13Z,90.0
2023-11-11T12:37:23Z,89.0
2023-11-11T12:37:28Z,91.0
2023-11-11T12:37:33Z,90.0
2023-11-11T12:37:38Z,89.0
2023-11-11T12:37:43Z,90.0
2023-11-11T12:37:48Z,89.0
2023-11-11T12:37:53Z,88.0
2023-11-11T12:38:03Z,87.0
2023-11-11T12:38:08Z,85.0
2023-11-11T12:38:13Z,91.0
2023-11-11T12:38:18Z,87.0
2023-11-11T12:38:23Z,86.0
2023-11-11T12:38:28Z,85.0
2023-11-11T12:38:33Z,83.0
2023-11-11T12:38:43Z,84.0
2023-11-11T12:38:48Z,87.0
2023-11-11T12:38:53Z,90.0
2023-11-11T12:38:58Z,91.0
2023-11-11T12:39:13Z,92.0
2023-11-11T12:39:18Z,90.0
2023-11-11T12:39:23Z,98.0
2023-11-11T12:39:28Z,103.0
2023-11-11T12:39:33Z,105.0
2023-11-11T12:39:38Z,104.0
2023-11-11T12:39:43Z,103.0
2023-11-11T12:39:53Z,101.0
2023-11-11T12:39:58Z,103.0
2023-11-11T12:40:03Z,106.0
2023-11-11T12:40:08Z,107.0
2023-11-11T12:40:13Z,105.0
2023-11-11T12:40:23Z,104.0
2023-11-11T12:40:33Z,105.0
2023-11-11T12:40:38Z,104.0
2023-11-11T12:40:43Z,103.0
2023-11-11T12:40:48Z,100.0
2023-11-11T12:40:53Z,101.0
2023-11-11T12:40:58Z,99.0
2023-11-11T12:41:03Z,94.0
2023-11-11T12:41:08Z,95.0
2023-11-11T12:41:13Z,97.0
2023-11-11T12:41:23Z,96.0
2023-11-11T12:41:28Z,95.0
2023-11-11T12:41:33Z,93.0
2023-11-11T12:41:38Z,86.0
2023-11-11T12:41:43Z,87.0
2023-11-11T12:41:53Z,89.0
2023-11-11T12:41:58Z,90.0
2023-11-11T12:42:03Z,91.0
2023-11-11T12:42:13Z,92.0
2023-11-11T12:42:23Z,91.0
2023-11-11T12:42:28Z,90.0
2023-11-11T12:42:33Z,88.0
2023-11-11T12:42:38Z,91.0
2023-11-11T12:42:43Z,93.0
2023-11-11T12:42:53Z,91.0
2023-11-11T12:42:58Z,92.0
2023-11-11T12:43:03Z,90.0
2023-11-11T12:43:08Z,92.0
2023-11-11T12:43:18Z,94.0
2023-11-11T12:43:23Z,91.0
2023-11-11T12:43:28Z,89.0
2023-11-11T12:43:33Z,88.0
2023-11-11T12:43:38Z,89.0
2023-11-11T12:43:53Z,91.0
2023-11-11T12:43:58Z,94.0
2023-11-11T12:44:03Z,96.0
2023-11-11T12:44:13Z,95.0
2023-11-11T12:44:28Z,98.0
2023-11-11T12:44:43Z,98.0
2023-11-11T12:44:53Z,97.0
2023-11-11T12:44:58Z,96.0
2023-11-11T12:45:03Z,95.0
2023-11-11T12:45:08Z,94.0
2023-11-11T12:45:18Z,93.0
2023-11-11T12:45:23Z,95.0
2023-11-11T12:45:33Z,97.0
2023-11-11T12:45:38Z,96.0
2023-11-11T12:45:53Z,96.0
2023-11-11T12:45:58Z,98.0
2023-11-11T12:46:03Z,95.0
2023-11-11T12:46:18Z,91.0
2023-11-11T12:46:23Z,92.0
2023-11-11T12:46:28Z,93.0
2023-11-11T12:46:33Z,92.0
2023-11-11T12:46:43Z,93.0
2023-11-11T12:46:48Z,95.0
2023-11-11T12:46:53Z,97.0
2023-11-11T12:47:08Z,97.0
2023-11-11T12:47:18Z,96.0
2023-11-11T12:47:23Z,94.0
2023-11-11T12:47:28Z,98.0
2023-11-11T12:47:33Z,99.0
2023-11-11T12:47:38Z,98.0
2023-11-11T12:47:43Z,93.0
2023-11-11T12:47:48Z,90.0
2023-11-11T12:47:53Z,91.0
2023-11-11T12:47:58Z,92.0
2023-11-11T12:48:03Z,93.0
2023-11-11T12:48:08Z,96.0
2023-11-11T12:48:13Z,97.0
2023-11-11T12:48:18Z,96.0
2023-11-11T12:48:23Z,97.0
2023-11-11T12:48:33Z,96.0
2023-11-11T12:48:38Z,95.0
2023-11-11T12:48:43Z,97.0
2023-11-11T12:48:48Z,98.0
2023-11-11T12:48:58Z,101.0
2023-11-11T12:49:03Z,100.0
2023-11-11T12:49:13Z,96.0
2023-11-11T12:49:18Z,91.0
2023-11-11T12:49:23Z,89.0
2023-11-11T12:49:28Z,86.0
2023-11-11T12:49:33Z,84.0
2023-11-11T12:49:38Z,83.0
2023-11-11T12:49:43Z,82.0
2023-11-11T12:49:58Z,80.0
2023-11-11T12:50:03Z,81.0
2023-11-11T12:50:08Z,82.0
2023-11-11T12:50:13Z,86.0
2023-11-11T12:50:18Z,85.0
2023-11-11T12:50:23Z,83.0
2023-11-11T12:50:28Z,82.0
2023-11-11T12:50:33Z,84.0
2023-11-11T12:50:38Z,86.0
2023-11-11T12:50:53Z,91.0
2023-11-11T12:50:58Z,97.0
2023-11-11T12:51:03Z,95.0
2023-11-11T12:51:08Z,96.0
2023-11-11T12:51:13Z,97.0
2023-11-11T12:51:18Z,92.0
2023-11-11T12:51:23Z,89.0
2023-11-11T12:51:33Z,84.0
2023-11-11T12:51:43Z,83.0
2023-11-11T12:51:58Z,83.0
2023-11-11T12:52:03Z,82.0
2023-11-11T12:52:08Z,83.0
2023-11-11T12:52:23Z,82.0
2023-11-11T12:52:28Z,80.0
2023-11-11T12:52:33Z,79.0
2023-11-11T12:52:38Z,80.0
2023-11-11T12:52:53Z,81.0
2023-11-11T12:52:58Z,82.0
2023-11-11T12:53:08Z,83.0
2023-11-11T12:53:13Z,81.0
2023-11-11T12:53:28Z,80.0
2023-11-11T12:53:38Z,84.0
2023-11-11T12:53:43Z,81.0
2023-11-11T12:53:48Z,80.0
2023-11-11T12:53:53Z,78.0
2023-11-11T12:54:03Z,79.0
2023-11-11T12:54:13Z,77.0
2023-11-11T12:54:18Z,78.0
2023-11-11T12:54:23Z,75.0
2023-11-11T12:54:33Z,79.0
2023-11-11T12:54:38Z,81.0
2023-11-11T12:54:43Z,79.0
2023-11-11T12:54:48Z,77.0
2023-11-11T12:54:53Z,78.0
2023-11-11T12:54:58Z,77.0
2023-11-11T12:55:03Z,78.0
2023-11-11T12:55:08Z,76.0
2023-11-11T12:55:13Z,77.0
2023-11-11T12:55:18Z,80.0
2023-11-11T12:55:23Z,79.0
2023-11-11T12:55:33Z,82.0
2023-11-11T12:55:38Z,81.0
2023-11-11T12:55:43Z,80.0
2023-11-11T12:55:48Z,81.0
2023-11-11T12:55:53Z,79.0
2023-11-11T12:56:08Z,79.0
2023-11-11T12:56:13Z,81.0
2023-11-11T12:56:18Z,83.0
2023-11-11T12:56:23Z,82.0
2023-11-11T12:56:28Z,79.0
2023-11-11T12:56:33Z,78.0
2023-11-11T12:56:38Z,81.0
2023-11-11T12:56:43Z,87.0
2023-11-11T12:56:48Z,78.0
2023-11-11T12:56:53Z,75.0
2023-11-11T12:56:58Z,74.0
2023-11-11T12:57:03Z,75.0
2023-11-11T12:57:08Z,76.0
2023-11-11T12:57:13Z,77.0
2023-11-11T12:57:28Z,79.0
2023-11-11T12:57:33Z,80.0
2023-11-11T12:57:38Z,81.0
2023-11-11T12:57:53Z,82.0
2023-11-11T12:57:58Z,84.0
2023-11-11T12:58:08Z,83.0
2023-11-11T12:58:18Z,81.0
2023-11-11T12:58:23Z,82.0
2023-11-11T12:58:28Z,81.0
2023-11-11T12:58:33Z,80.0
2023-11-11T12:58:38Z,81.0
2023-11-11T12:58:48Z,80.0
2023-11-11T12:58:53Z,79.0
2023-11-11T12:59:03Z,80.0
2023-11-11T12:59:08Z,81.0
2023-11-11T12:59:23Z,82.0
2023-11-11T12:59:28Z,82.0
2023-11-11T12:59:33Z,81.0
2023-11-11T12:59:38Z,83.0
2023-11-11T12:59:43Z,81.0
2023-11-11T12:59:58Z,79.0
2023-11-11T13:00:03Z,81.0
2023-11-11T13:00:08Z,83.0
2023-11-11T13:00:13Z,82.0
2023-11-11T13:00:23Z,83.0
2023-11-11T13:00:33Z,81.0
2023-11-11T13:00:38Z,80.0
2023-11-11T13:00:43Z,79.0
2023-11-11T13:00:53Z,78.0
2023-11-11T13:01:03Z,81.0
2023-11-11T13:01:08Z,83.0
2023-11-11T13:01:13Z,81.0
2023-11-11T13:01:18Z,79.0
2023-11-11T13:01:23Z,78.0
2023-11-11T13:01:28Z,79.0
2023-11-11T13:01:38Z,80.0
2023-11-11T13:01:43Z,77.0
2023-11-11T13:01:48Z,80.0
2023-11-11T13:01:53Z,85.0
2023-11-11T13:01:58Z,89.0
2023-11-11T13:02:03Z,90.0
2023-11-11T13:02:13Z,92.0
2023-11-11T13:02:18Z,91.0
2023-11-11T13:02:23Z,97.0
2023-11-11T13:02:28Z,102.0
2023-11-11T13:02:33Z,101.0
2023-11-11T13:02:38Z,94.0
2023-11-11T13:02:43Z,92.0
2023-11-11T13:02:58Z,89.0
2023-11-11T13:03:03Z,91.0
2023-11-11T13:03:08Z,92.0
2023-11-11T13:03:23Z,94.0
2023-11-11T13:03:28Z,95.0
2023-11-11T13:03:33Z,96.0
2023-11-11T13:03:38Z,94.0
2023-11-11T13:03:43Z,91.0
2023-11-11T13:03:48Z,95.0
2023-11-11T13:03:53Z,96.0
2023-11-11T13:03:58Z,94.0
2023-11-11T13:04:03Z,97.0
2023-11-11T13:04:08Z,99.0
2023-11-11T13:04:13Z,96.0
2023-11-11T13:04:18Z,95.0
2023-11-11T13:04:23Z,96.0
2023-11-11T13:04:28Z,97.0
2023-11-11T13:04:33Z,98.0
2023-11-11T13:04:48Z,99.0
2023-11-11T13:04:53Z,98.0
2023-11-11T13:04:58Z,99.0
2023-11-11T13:05:03Z,101.0
2023-11-11T13:05:08Z,99.0
2023-11-11T13:05:13Z,98.0
2023-11-11T13:05:18Z,99.0
2023-11-11T13:05:33Z,95.0
2023-11-11T13:05:38Z,92.0
2023-11-11T13:05:43Z,91.0
2023-11-11T13:05:53Z,90.0
2023-11-11T13:05:58Z,87.0
2023-11-11T13:06:03Z,85.0
2023-11-11T13:06:08Z,84.0
2023-11-11T13:06:18Z,82.0
2023-11-11T13:06:23Z,83.0
2023-11-11T13:06:28Z,82.0
2023-11-11T13:06:38Z,80.0
2023-11-11T13:06:43Z,82.0
2023-11-11T13:06:48Z,87.0
2023-11-11T13:06:53Z,90.0
2023-11-11T13:06:58Z,87.0
2023-11-11T13:07:03Z,85.0
2023-11-11T13:07:08Z,87.0
2023-11-11T13:07:13Z,90.0
2023-11-11T13:07:18Z,89.0
2023-11-11T13:07:23Z,90.0
2023-11-11T13:07:28Z,93.0
2023-11-11T13:07:33Z,94.0
2023-11-11T13:07:43Z,94.0
2023-11-11T13:07:48Z,96.0
2023-11-11T13:07:53Z,98.0
2023-11-11T13:07:58Z,101.0
2023-11-11T13:08:03Z,102.0
2023-11-11T13:08:08Z,101.0
2023-11-11T13:08:13Z,98.0
2023-11-11T13:08:18Z,97.0
2023-11-11T13:08:23Z,100.0
2023-11-11T13:08:28Z,96.0
2023-11-11T13:08:33Z,94.0
2023-11-11T13:08:38Z,93.0
2023-11-11T13:08:43Z,96.0
2023-11-11T13:08:48Z,98.0
2023-11-11T13:08:58Z,97.0
2023-11-11T13:09:03Z,95.0
2023-11-11T13:09:13Z,96.0
2023-11-11T13:09:23Z,90.0
2023-11-11T13:09:33Z,92.0
2023-11-11T13:09:38Z,94.0
2023-11-11T13:09:43Z,91.0
2023-11-11T13:09:48Z,87.0
2023-11-11T13:09:53Z,86.0
2023-11-11T13:10:03Z,87.0
2023-11-11T13:10:13Z,86.0
2023-11-11T13:10:23Z,87.0
2023-11-11T13:10:28Z,92.0
2023-11-11T13:10:38Z,93.0
2023-11-11T13:10:48Z,91.0
2023-11-11T13:10:53Z,92.0
2023-11-11T13:10:58Z,94.0
2023-11-11T13:11:03Z,93.0
2023-11-11T13:11:08Z,94.0
2023-11-11T13:11:13Z,92.0
2023-11-11T13:11:18Z,90.0
2023-11-11T13:11:23Z,87.0
2023-11-11T13:11:28Z,88.0
2023-11-11T13:11:33Z,87.0
2023-11-11T13:11:38Z,85.0
2023-11-11T13:11:43Z,87.0
2023-11-11T13:11:53Z,88.0
2023-11-11T13:11:58Z,89.0
2023-11-11T13:12:08Z,88.0
2023-11-11T13:12:13Z,87.0
2023-11-11T13:12:18Z,85.0
2023-11-11T13:12:23Z,84.0
2023-11-11T13:12:28Z,85.0
2023-11-11T13:12:38Z,84.0
2023-11-11T13:12:43Z,83.0
2023-11-11T13:12:48Z,82.0
2023-11-11T13:13:03Z,84.0
2023-11-11T13:13:18Z,90.0
2023-11-11T13:13:23Z,91.0
2023-11-11T13:13:28Z,92.0
2023-11-11T13:13:33Z,89.0
2023-11-11T13:13:38Z,83.0
2023-11-11T13:13:43Z,83.0
2023-11-11T13:13:48Z,85.0
2023-11-11T13:13:53Z,85.0
2023-11-11T13:13:58Z,84.0
2023-11-11T13:14:03Z,87.0
2023-11-11T13:14:08Z,93.0
2023-11-11T13:14:18Z,92.0
2023-11-11T13:14:23Z,88.0
2023-11-11T13:14:28Z,89.0
2023-11-11T13:14:33Z,90.0
2023-11-11T13:14:38Z,86.0
2023-11-11T13:14:43Z,81.0
2023-11-11T13:14:53Z,82.0
2023-11-11T13:14:58Z,84.0
2023-11-11T13:15:03Z,85.0
2023-11-11T13:15:08Z,86.0
2023-11-11T13:15:18Z,89.0
2023-11-11T13:15:23Z,85.0
2023-11-11T13:15:28Z,81.0
2023-11-11T13:15:33Z,82.0
2023-11-11T13:15:38Z,83.0
2023-11-11T13:15:43Z,86.0
2023-11-11T13:15:48Z,85.0
2023-11-11T13:15:53Z,83.0
2023-11-11T13:16:03Z,85.0
2023-11-11T13:16:08Z,81.0
2023-11-11T13:16:13Z,79.0
2023-11-11T13:16:18Z,79.0
2023-11-11T13:16:23Z,81.0
2023-11-11T13:16:28Z,82.0
2023-11-11T13:16:33Z,84.0
2023-11-11T13:16:38Z,86.0
2023-11-11T13:16:43Z,92.0
2023-11-11T13:16:58Z,90.0
2023-11-11T13:17:03Z,91.0
2023-11-11T13:17:08Z,92.0
2023-11-11T13:17:13Z,90.0
2023-11-11T13:17:18Z,88.0
2023-11-11T13:17:23Z,87.0
2023-11-11T13:17:33Z,89.0
2023-11-11T13:17:48Z,89.0
2023-11-11T13:17:58Z,85.0
2023-11-11T13:18:03Z,84.0
2023-11-11T13:18:08Z,86.0
2023-11-11T13:18:23Z,87.0
2023-11-11T13:18:33Z,86.0
2023-11-11T13:18:38Z,85.0
2023-11-11T13:18:43Z,87.0
2023-11-11T13:18:48Z,88.0
2023-11-11T13:18:53Z,89.0
2023-11-11T13:18:58Z,90.0
2023-11-11T13:19:03Z,89.0
2023-11-11T13:19:08Z,87.0
2023-11-11T13:19:13Z,88.0
2023-11-11T13:19:18Z,88.0
2023-11-11T13:19:23Z,91.0
2023-11-11T13:19:28Z,90.0
2023-11-11T13:19:43Z,93.0
2023-11-11T13:19:48Z,95.0
2023-11-11T13:19:58Z,84.0
2023-11-11T13:20:03Z,82.0
2023-11-11T13:20:08Z,85.0
2023-11-11T13:20:13Z,86.0
2023-11-11T13:20:18Z,85.0
2023-11-11T13:20:28Z,89.0
2023-11-11T13:20:43Z,90.0
2023-11-11T13:20:48Z,88.0
2023-11-11T13:20:53Z,85.0
2023-11-11T13:20:58Z,86.0
2023-11-11T13:21:03Z,84.0
2023-11-11T13:21:08Z,85.0
2023-11-11T13:21:13Z,87.0
2023-11-11T13:21:18Z,84.0
2023-11-11T13:21:23Z,80.0
2023-11-11T13:21:28Z,83.0
2023-11-11T13:21:38Z,84.0
2023-11-11T13:21:48Z,85.0
2023-11-11T13:21:53Z,86.0
2023-11-11T13:21:58Z,84.0
2023-11-11T13:22:03Z,81.0
2023-11-11T13:22:08Z,80.0
2023-11-11T13:22:13Z,81.0
2023-11-11T13:22:23Z,82.0
2023-11-11T13:22:28Z,84.0
2023-11-11T13:22:33Z,85.0
2023-11-11T13:22:38Z,83.0
2023-11-11T13:22:43Z,84.0
2023-11-11T13:22:53Z,81.0
2023-11-11T13:22:58Z,80.0
2023-11-11T13:23:03Z,82.0
2023-11-11T13:23:08Z,86.0
2023-11-11T13:23:13Z,89.0
2023-11-11T13:23:18Z,90.0
2023-11-11T13:23:28Z,86.0
2023-11-11T13:23:33Z,86.0
2023-11-11T13:23:38Z,84.0
2023-11-11T13:23:43Z,85.0
2023-11-11T13:23:48Z,80.0
2023-11-11T13:23:53Z,77.0
2023-11-11T13:24:03Z,76.0
2023-11-11T13:24:08Z,77.0
2023-11-11T13:24:18Z,79.0
2023-11-11T13:24:23Z,80.0
2023-11-11T13:24:28Z,79.0
2023-11-11T13:24:33Z,82.0
2023-11-11T13:24:38Z,84.0
2023-11-11T13:24:43Z,85.0
2023-11-11T13:24:48Z,83.0
2023-11-11T13:24:53Z,81.0
2023-11-11T13:24:58Z,84.0
2023-11-11T13:25:03Z,83.0
2023-11-11T13:25:13Z,79.0
2023-11-11T13:25:18Z,76.0
2023-11-11T13:25:23Z,75.0
2023-11-11T13:25:38Z,77.0
2023-11-11T13:25:53Z,77.0
2023-11-11T13:25:58Z,76.0
2023-11-11T13:26:03Z,77.0
2023-11-11T13:26:13Z,78.0
2023-11-11T13:26:18Z,79.0
2023-11-11T13:26:23Z,78.0
2023-11-11T13:26:28Z,79.0
2023-11-11T13:26:33Z,78.0
2023-11-11T13:26:38Z,77.0
2023-11-11T13:26:43Z,75.0
2023-11-11T13:26:48Z,76.0
2023-11-11T13:26:53Z,77.0
2023-11-11T13:26:58Z,79.0
2023-11-11T13:27:03Z,81.0
2023-11-11T13:27:13Z,80.0
2023-11-11T13:27:18Z,79.0
2023-11-11T13:27:23Z,80.0
2023-11-11T13:27:28Z,81.0
2023-11-11T13:27:33Z,80.0
2023-11-11T13:27:38Z,78.0
2023-11-11T13:27:43Z,79.0
2023-11-11T13:27:48Z,82.0
2023-11-11T13:27:53Z,80.0
2023-11-11T13:27:58Z,81.0
2023-11-11T13:28:08Z,80.0
2023-11-11T13:28:18Z,83.0
2023-11-11T13:28:23Z,82.0
2023-11-11T13:28:28Z,80.0
2023-11-11T13:28:43Z,81.0
2023-11-11T13:28:48Z,82.0
2023-11-11T13:28:53Z,81.0
2023-11-11T13:28:58Z,83.0
2023-11-11T13:29:03Z,82.0
2023-11-11T13:29:08Z,81.0
2023-11-11T13:29:13Z,85.0
2023-11-11T13:29:18Z,87.0
2023-11-11T13:29:23Z,84.0
2023-11-11T13:29:28Z,81.0
2023-11-11T13:29:33Z,82.0
2023-11-11T13:29:43Z,79.0
2023-11-11T13:29:48Z,80.0
2023-11-11T13:29:53Z,81.0
2023-11-11T13:29:58Z,84.0
2023-11-11T13:30:03Z,83.0
2023-11-11T13:30:08Z,81.0
2023-11-11T13:30:13Z,80.0
2023-11-11T13:30:18Z,79.0
2023-11-11T13:30:33Z,79.0
2023-11-11T13:30:43Z,83.0
2023-11-11T13:30:48Z,82.0
2023-11-11T13:30:53Z,79.0
2023-11-11T13:30:58Z,78.0
2023-11-11T13:31:03Z,77.0
2023-11-11T13:31:08Z,79.0
2023-11-11T13:31:13Z,80.0
2023-11-11T13:31:18Z,83.0
2023-11-11T13:31:28Z,80.0
2023-11-11T13:31:33Z,82.0
2023-11-11T13:31:38Z,90.0
2023-11-11T13:31:43Z,82.0
2023-11-11T13:31:48Z,78.0
2023-11-11T13:31:53Z,76.0
2023-11-11T13:31:58Z,78.0
2023-11-11T13:32:08Z,79.0
2023-11-11T13:32:18Z,80.0
2023-11-11T13:32:33Z,78.0
2023-11-11T13:32:43Z,77.0
2023-11-11T13:32:48Z,78.0
2023-11-11T13:32:53Z,79.0
2023-11-11T13:33:03Z,78.0
2023-11-11T13:33:13Z,82.0
2023-11-11T13:33:18Z,86.0
2023-11-11T13:33:23Z,86.0
2023-11-11T13:33:28Z,88.0
2023-11-11T13:33:33Z,87.0
2023-11-11T13:33:43Z,83.0
2023-11-11T13:33:48Z,82.0
2023-11-11T13:33:53Z,83.0
2023-11-11T13:33:58Z,79.0
2023-11-11T13:34:03Z,80.0
2023-11-11T13:34:08Z,82.0
2023-11-11T13:34:13Z,81.0
2023-11-11T13:34:18Z,80.0
2023-11-11T13:34:23Z,81.0
2023-11-11T13:34:33Z,80.0
2023-11-11T13:34:38Z,81.0
2023-11-11T13:34:48Z,82.0
2023-11-11T13:34:53Z,81.0
2023-11-11T13:34:58Z,82.0
2023-11-11T13:35:03Z,85.0
2023-11-11T13:35:18Z,81.0
2023-11-11T13:35:23Z,80.0
2023-11-11T13:35:28Z,78.0
2023-11-11T13:35:33Z,76.0
2023-11-11T13:35:43Z,80.0
2023-11-11T13:35:48Z,83.0
2023-11-11T13:35:53Z,87.0
2023-11-11T13:36:03Z,85.0
2023-11-11T13:36:08Z,80.0
2023-11-11T13:36:13Z,78.0
2023-11-11T13:36:18Z,79.0
2023-11-11T13:36:33Z,78.0
2023-11-11T13:36:38Z,77.0
2023-11-11T13:36:43Z,78.0
2023-11-11T13:36:48Z,81.0
2023-11-11T13:36:53Z,79.0
2023-11-11T13:36:58Z,80.0
2023-11-11T13:37:03Z,81.0
2023-11-11T13:37:13Z,82.0
2023-11-11T13:37:18Z,85.0
2023-11-11T13:37:28Z,88.0
2023-11-11T13:37:38Z,86.0
2023-11-11T13:37:43Z,84.0
2023-11-11T13:37:58Z,79.0
2023-11-11T13:38:08Z,81.0
2023-11-11T13:38:18Z,80.0
2023-11-11T13:38:23Z,77.0
2023-11-11T13:38:33Z,76.0
2023-11-11T13:38:38Z,77.0
2023-11-11T13:38:48Z,78.0
2023-11-11T13:38:53Z,81.0
2023-11-11T13:38:58Z,83.0
2023-11-11T13:39:03Z,86.0
2023-11-11T13:39:08Z,89.0
2023-11-11T13:39:13Z,94.0
2023-11-11T13:39:23Z,86.0
2023-11-11T13:39:28Z,87.0
2023-11-11T13:39:38Z,88.0
2023-11-11T13:39:43Z,89.0
2023-11-11T13:39:53Z,86.0
2023-11-11T13:40:03Z,84.0
2023-11-11T13:40:08Z,83.0
2023-11-11T13:40:13Z,79.0
2023-11-11T13:40:18Z,78.0
2023-11-11T13:40:28Z,79.0
2023-11-11T13:40:38Z,78.0
2023-11-11T13:40:43Z,77.0
2023-11-11T13:40:53Z,79.0
2023-11-11T13:40:58Z,81.0
2023-11-11T13:41:03Z,83.0
2023-11-11T13:41:08Z,79.0
2023-11-11T13:41:13Z,80.0
2023-11-11T13:41:18Z,78.0
2023-11-11T13:41:28Z,77.0
2023-11-11T13:41:33Z,78.0
2023-11-11T13:41:38Z,79.0
2023-11-11T13:41:43Z,82.0
2023-11-11T13:41:48Z,83.0
2023-11-11T13:41:58Z,84.0
2023-11-11T13:42:03Z,83.0
2023-11-11T13:42:18Z,83.0
2023-11-11T13:42:23Z,84.0
2023-11-11T13:42:33Z,82.0
2023-11-11T13:42:38Z,81.0
2023-11-11T13:42:43Z,78.0
2023-11-11T13:42:48Z,77.0
2023-11-11T13:42:58Z,79.0
2023-11-11T13:43:03Z,81.0
2023-11-11T13:43:08Z,82.0
2023-11-11T13:43:13Z,86.0
2023-11-11T13:43:18Z,85.0
2023-11-11T13:43:23Z,82.0
2023-11-11T13:43:28Z,80.0
2023-11-11T13:43:33Z,79.0
2023-11-11T13:43:38Z,81.0
2023-11-11T13:43:43Z,78.0
2023-11-11T13:43:53Z,79.0
2023-11-11T13:43:58Z,82.0
2023-11-11T13:44:03Z,81.0
2023-11-11T13:44:13Z,80.0
2023-11-11T13:44:18Z,78.0
2023-11-11T13:44:23Z,76.0
2023-11-11T13:44:28Z,76.0
2023-11-11T13:44:38Z,78.0
2023-11-11T13:44:43Z,82.0
2023-11-11T13:44:48Z,84.0
2023-11-11T13:44:53Z,83.0
2023-11-11T13:44:58Z,82.0
2023-11-11T13:45:03Z,83.0
2023-11-11T13:45:08Z,88.0
2023-11-11T13:45:13Z,84.0
2023-11-11T13:45:18Z,81.0
2023-11-11T13:45:23Z,78.0
2023-11-11T13:45:28Z,75.0
2023-11-11T13:45:33Z,76.0
2023-11-11T13:45:38Z,80.0
2023-11-11T13:45:43Z,83.0
2023-11-11T13:45:53Z,80.0
2023-11-11T13:45:58Z,81.0
2023-11-11T13:46:03Z,80.0
2023-11-11T13:46:08Z,81.0
2023-11-11T13:46:13Z,83.0
2023-11-11T13:46:23Z,79.0
2023-11-11T13:46:28Z,80.0
2023-11-11T13:46:38Z,78.0
2023-11-11T13:46:43Z,81.0
2023-11-11T13:46:48Z,79.0
2023-11-11T13:46:53Z,81.0
2023-11-11T13:47:03Z,82.0
2023-11-11T13:47:13Z,81.0
2023-11-11T13:47:18Z,79.0
2023-11-11T13:47:23Z,78.0
2023-11-11T13:47:28Z,80.0
2023-11-11T13:47:33Z,83.0
2023-11-11T13:47:38Z,84.0
2023-11-11T13:47:43Z,88.0
2023-11-11T13:47:48Z,82.0
2023-11-11T13:47:53Z,78.0
2023-11-11T13:47:58Z,79.0
2023-11-11T13:48:13Z,80.0
2023-11-11T13:48:18Z,83.0
2023-11-11T13:48:23Z,85.0
2023-11-11T13:48:28Z,83.0
2023-11-11T13:48:38Z,80.0
2023-11-11T13:48:48Z,82.0
2023-11-11T13:48:58Z,83.0
2023-11-11T13:49:13Z,82.0
2023-11-11T13:49:18Z,79.0
2023-11-11T13:49:23Z,81.0
2023-11-11T13:49:28Z,79.0
2023-11-11T13:49:38Z,80.0
2023-11-11T13:49:43Z,82.0
2023-11-11T13:49:58Z,80.0
2023-11-11T13:50:03Z,78.0
2023-11-11T13:50:18Z,80.0
2023-11-11T13:50:23Z,81.0
2023-11-11T13:50:38Z,83.0
2023-11-11T13:50:43Z,81.0
2023-11-11T13:50:48Z,79.0
2023-11-11T13:51:03Z,81.0
2023-11-11T13:51:08Z,80.0
2023-11-11T13:51:13Z,78.0
2023-11-11T13:51:23Z,81.0
2023-11-11T13:51:28Z,82.0
2023-11-11T13:51:33Z,82.0
2023-11-11T13:51:38Z,79.0
2023-11-11T13:51:43Z,78.0
2023-11-11T13:51:48Z,79.0
2023-11-11T13:51:53Z,81.0
2023-11-11T13:51:58Z,84.0
2023-11-11T13:52:03Z,82.0
2023-11-11T13:52:08Z,80.0
2023-11-11T13:52:13Z,80.0
2023-11-11T13:52:18Z,79.0
2023-11-11T13:52:28Z,80.0
2023-11-11T13:52:33Z,77.0
2023-11-11T13:52:38Z,75.0
2023-11-11T13:52:43Z,78.0
2023-11-11T13:52:48Z,81.0
2023-11-11T13:52:53Z,87.0
2023-11-11T13:52:58Z,85.0
2023-11-11T13:53:03Z,84.0
2023-11-11T13:53:08Z,89.0
2023-11-11T13:53:13Z,96.0
2023-11-11T13:53:18Z,94.0
2023-11-11T13:53:23Z,91.0
2023-11-11T13:53:33Z,94.0
2023-11-11T13:53:38Z,95.0
2023-11-11T13:53:43Z,91.0
2023-11-11T13:53:48Z,87.0
2023-11-11T13:53:53Z,86.0
2023-11-11T13:53:58Z,86.0
2023-11-11T13:54:03Z,81.0
2023-11-11T13:54:08Z,80.0
2023-11-11T13:54:18Z,78.0
2023-11-11T13:54:23Z,81.0
2023-11-11T13:54:28Z,84.0
2023-11-11T13:54:33Z,83.0
2023-11-11T13:54:38Z,82.0
2023-11-11T13:54:53Z,82.0
2023-11-11T13:55:08Z,84.0
2023-11-11T13:55:13Z,85.0
2023-11-11T13:55:18Z,86.0
2023-11-11T13:55:23Z,88.0
2023-11-11T13:55:28Z,90.0
2023-11-11T13:55:33Z,93.0
2023-11-11T13:55:38Z,98.0
2023-11-11T13:55:43Z,101.0
2023-11-11T13:55:58Z,101.0
2023-11-11T13:56:03Z,100.0
2023-11-11T13:56:08Z,98.0
2023-11-11T13:56:18Z,96.0
2023-11-11T13:56:23Z,94.0
2023-11-11T13:56:28Z,90.0
2023-11-11T13:56:43Z,87.0
2023-11-11T13:56:48Z,86.0
2023-11-11T13:56:53Z,85.0
2023-11-11T13:56:58Z,87.0
2023-11-11T13:57:03Z,87.0
2023-11-11T13:57:08Z,86.0
2023-11-11T13:57:13Z,88.0
2023-11-11T13:57:23Z,90.0
2023-11-11T13:57:28Z,93.0
2023-11-11T13:57:38Z,96.0
2023-11-11T13:57:43Z,99.0
2023-11-11T13:57:48Z,101.0
2023-11-11T13:57:53Z,102.0
2023-11-11T13:57:58Z,103.0
2023-11-11T13:58:08Z,102.0
2023-11-11T13:58:13Z,101.0
2023-11-11T13:58:18Z,100.0
2023-11-11T13:58:23Z,99.0
2023-11-11T13:58:28Z,94.0
2023-11-11T13:58:33Z,93.0
2023-11-11T13:58:38Z,92.0
2023-11-11T13:58:43Z,91.0
2023-11-11T13:58:58Z,91.0
2023-11-11T13:59:03Z,92.0
2023-11-11T13:59:08Z,90.0
2023-11-11T13:59:18Z,89.0
2023-11-11T13:59:23Z,88.0
2023-11-11T13:59:28Z,87.0
2023-11-11T13:59:33Z,86.0
2023-11-11T13:59:38Z,85.0
2023-11-11T13:59:43Z,87.0
2023-11-11T13:59:48Z,88.0
2023-11-11T13:59:53Z,90.0
2023-11-11T13:59:58Z,88.0
2023-11-11T14:00:03Z,86.0
2023-11-11T14:00:08Z,87.0
2023-11-11T14:00:13Z,88.0
2023-11-11T14:00:28Z,85.0
2023-11-11T14:00:33Z,86.0
2023-11-11T14:00:38Z,81.0
2023-11-11T14:00:43Z,79.0
2023-11-11T14:00:48Z,79.0
2023-11-11T14:00:53Z,80.0
2023-11-11T14:00:58Z,81.0
2023-11-11T14:01:03Z,79.0
2023-11-11T14:01:08Z,80.0
2023-11-11T14:01:13Z,81.0
2023-11-11T14:01:18Z,82.0
2023-11-11T14:01:23Z,83.0
2023-11-11T14:01:28Z,85.0
2023-11-11T14:01:38Z,83.0
2023-11-11T14:01:48Z,80.0
2023-11-11T14:01:53Z,81.0
2023-11-11T14:02:08Z,84.0
2023-11-11T14:02:13Z,84.0
2023-11-11T14:02:18Z,81.0
2023-11-11T14:02:23Z,79.0
2023-11-11T14:02:33Z,78.0
2023-11-11T14:02:38Z,78.0
2023-11-11T14:02:43Z,79.0
2023-11-11T14:02:48Z,83.0
2023-11-11T14:02:53Z,81.0
2023-11-11T14:02:58Z,79.0
2023-11-11T14:03:03Z,78.0
2023-11-11T14:03:13Z,80.0
2023-11-11T14:03:18Z,81.0
2023-11-11T14:03:23Z,84.0
2023-11-11T14:03:28Z,84.0
2023-11-11T14:03:38Z,84.0
2023-11-11T14:03:48Z,85.0
2023-11-11T14:03:53Z,83.0
2023-11-11T14:03:58Z,78.0
2023-11-11T14:04:03Z,76.0
2023-11-11T14:04:08Z,75.0
2023-11-11T14:04:13Z,78.0
2023-11-11T14:04:18Z,79.0
2023-11-11T14:04:28Z,80.0
2023-11-11T14:04:33Z,82.0
2023-11-11T14:04:38Z,81.0
2023-11-11T14:04:43Z,80.0
2023-11-11T14:04:48Z,83.0
2023-11-11T14:04:53Z,84.0
2023-11-11T14:04:58Z,81.0
2023-11-11T14:05:03Z,80.0
2023-11-11T14:05:08Z,78.0
2023-11-11T14:05:13Z,78.0
2023-11-11T14:05:18Z,79.0
2023-11-11T14:05:23Z,80.0
2023-11-11T14:05:28Z,81.0
2023-11-11T14:05:33Z,80.0
2023-11-11T14:05:38Z,79.0
2023-11-11T14:05:43Z,79.0
2023-11-11T14:05:48Z,78.0
2023-11-11T14:05:53Z,80.0
2023-11-11T14:05:58Z,82.0
2023-11-11T14:06:03Z,82.0
2023-11-11T14:06:08Z,80.0
2023-11-11T14:06:13Z,78.0
2023-11-11T14:06:18Z,77.0
2023-11-11T14:06:23Z,79.0
2023-11-11T14:06:28Z,80.0
2023-11-11T14:06:33Z,79.0
2023-11-11T14:06:38Z,80.0
2023-11-11T14:06:48Z,84.0
2023-11-11T14:06:58Z,83.0
2023-11-11T14:07:03Z,78.0
2023-11-11T14:07:08Z,77.0
2023-11-11T14:07:18Z,79.0
2023-11-11T14:07:28Z,77.0
2023-11-11T14:07:33Z,78.0
2023-11-11T14:07:38Z,79.0
2023-11-11T14:07:43Z,78.0
2023-11-11T14:07:48Z,79.0
2023-11-11T14:07:53Z,77.0
2023-11-11T14:07:58Z,76.0
2023-11-11T14:08:03Z,77.0
2023-11-11T14:08:13Z,80.0
2023-11-11T14:08:23Z,79.0
2023-11-11T14:08:28Z,78.0
2023-11-11T14:08:38Z,80.0
2023-11-11T14:08:43Z,83.0
2023-11-11T14:08:53Z,84.0
2023-11-11T14:08:58Z,81.0
2023-11-11T14:09:03Z,82.0
2023-11-11T14:09:08Z,84.0
2023-11-11T14:09:13Z,83.0
2023-11-11T14:09:23Z,84.0
2023-11-11T14:09:28Z,82.0
2023-11-11T14:09:33Z,81.0
2023-11-11T14:09:38Z,80.0
2023-11-11T14:09:43Z,78.0
2023-11-11T14:09:48Z,79.0
2023-11-11T14:09:58Z,78.0
2023-11-11T14:10:03Z,80.0
2023-11-11T14:10:13Z,82.0
2023-11-11T14:10:18Z,83.0
2023-11-11T14:10:28Z,85.0
2023-11-11T14:10:33Z,79.0
2023-11-11T14:10:38Z,76.0
2023-11-11T14:10:43Z,76.0
2023-11-11T14:10:48Z,79.0
2023-11-11T14:10:53Z,81.0
2023-11-11T14:11:08Z,80.0
2023-11-11T14:11:13Z,82.0
2023-11-11T14:11:18Z,81.0
2023-11-11T14:11:28Z,84.0
2023-11-11T14:11:33Z,82.0
2023-11-11T14:11:38Z,81.0
2023-11-11T14:11:43Z,82.0
2023-11-11T14:11:48Z,80.0
2023-11-11T14:11:53Z,78.0
2023-11-11T14:11:58Z,79.0
2023-11-11T14:12:03Z,80.0
2023-11-11T14:12:08Z,81.0
2023-11-11T14:12:13Z,82.0
2023-11-11T14:12:18Z,80.0
2023-11-11T14:12:23Z,81.0
2023-11-11T14:12:28Z,83.0
2023-11-11T14:12:33Z,85.0
2023-11-11T14:12:38Z,84.0
2023-11-11T14:12:43Z,82.0
2023-11-11T14:12:48Z,80.0
2023-11-11T14:12:53Z,77.0
2023-11-11T14:12:58Z,76.0
2023-11-11T14:13:03Z,77.0
2023-11-11T14:13:08Z,78.0
2023-11-11T14:13:13Z,78.0
2023-11-11T14:13:28Z,80.0
2023-11-11T14:13:33Z,81.0
2023-11-11T14:13:38Z,80.0
2023-11-11T14:13:48Z,79.0
2023-11-11T14:13:53Z,76.0
2023-11-11T14:13:58Z,74.0
2023-11-11T14:14:03Z,73.0
2023-11-11T14:14:08Z,75.0
2023-11-11T14:14:13Z,74.0
2023-11-11T14:14:28Z,74.0
2023-11-11T14:14:33Z,76.0
2023-11-11T14:14:43Z,77.0
2023-11-11T14:14:48Z,76.0
2023-11-11T14:14:53Z,77.0
2023-11-11T14:14:58Z,79.0
2023-11-11T14:15:03Z,78.0
2023-11-11T14:15:08Z,79.0
2023-11-11T14:15:13Z,80.0
2023-11-11T14:15:18Z,82.0
2023-11-11T14:15:23Z,81.0
2023-11-11T14:15:28Z,83.0
2023-11-11T14:15:33Z,83.0
2023-11-11T14:15:38Z,82.0
2023-11-11T14:15:43Z,83.0
2023-11-11T14:15:48Z,80.0
2023-11-11T14:15:58Z,80.0
2023-11-11T14:16:03Z,79.0
2023-11-11T14:16:08Z,79.0
2023-11-11T14:16:18Z,83.0
2023-11-11T14:16:33Z,81.0
2023-11-11T14:16:38Z,80.0
2023-11-11T14:16:43Z,80.0
2023-11-11T14:16:48Z,79.0
2023-11-11T14:16:53Z,80.0
2023-11-11T14:16:58Z,82.0
2023-11-11T14:17:03Z,85.0
2023-11-11T14:17:08Z,83.0
2023-11-11T14:17:13Z,78.0
2023-11-11T14:17:18Z,77.0
2023-11-11T14:17:23Z,79.0
2023-11-11T14:17:38Z,79.0
2023-11-11T14:17:43Z,80.0
2023-11-11T14:17:48Z,81.0
2023-11-11T14:17:53Z,82.0
2023-11-11T14:17:58Z,84.0
2023-11-11T14:18:03Z,86.0
2023-11-11T14:18:08Z,83.0
2023-11-11T14:18:13Z,80.0
2023-11-11T14:18:18Z,78.0
2023-11-11T14:18:23Z,77.0
2023-11-11T14:18:28Z,80.0
2023-11-11T14:18:38Z,76.0
2023-11-11T14:18:48Z,75.0
2023-11-11T14:18:53Z,74.0
2023-11-11T14:18:58Z,75.0
2023-11-11T14:19:03Z,76.0
2023-11-11T14:19:08Z,76.0
2023-11-11T14:19:13Z,76.0
2023-11-11T14:19:18Z,79.0
2023-11-11T14:19:23Z,80.0
2023-11-11T14:19:28Z,82.0
2023-11-11T14:19:33Z,83.0
2023-11-11T14:19:43Z,84.0
2023-11-11T14:19:48Z,82.0
2023-11-11T14:19:53Z,80.0
2023-11-11T14:19:58Z,79.0
2023-11-11T14:20:03Z,81.0
2023-11-11T14:20:08Z,78.0
2023-11-11T14:20:13Z,77.0
2023-11-11T14:20:28Z,77.0
2023-11-11T14:20:33Z,75.0
2023-11-11T14:20:38Z,74.0
2023-11-11T14:20:43Z,72.0
2023-11-11T14:20:48Z,74.0
2023-11-11T14:20:53Z,76.0
2023-11-11T14:20:58Z,77.0
2023-11-11T14:21:03Z,80.0
2023-11-11T14:21:08Z,81.0
2023-11-11T14:21:18Z,84.0
2023-11-11T14:21:23Z,81.0
2023-11-11T14:21:28Z,78.0
2023-11-11T14:21:33Z,77.0
2023-11-11T14:21:48Z,77.0
2023-11-11T14:21:53Z,80.0
2023-11-11T14:22:03Z,78.0
2023-11-11T14:22:08Z,75.0
2023-11-11T14:22:13Z,74.0
2023-11-11T14:22:23Z,78.0
2023-11-11T14:22:28Z,76.0
2023-11-11T14:22:33Z,75.0
2023-11-11T14:22:38Z,76.0
2023-11-11T14:22:43Z,78.0
2023-11-11T14:22:53Z,77.0
2023-11-11T14:23:03Z,78.0
2023-11-11T14:23:08Z,78.0
2023-11-11T14:23:13Z,77.0
2023-11-11T14:23:23Z,80.0
2023-11-11T14:23:28Z,79.0
2023-11-11T14:23:38Z,80.0
2023-11-11T14:23:43Z,79.0
2023-11-11T14:23:48Z,80.0
2023-11-11T14:23:58Z,81.0
2023-11-11T14:24:03Z,83.0
2023-11-11T14:24:08Z,85.0
2023-11-11T14:24:18Z,84.0
2023-11-11T14:24:23Z,85.0
2023-11-11T14:24:28Z,86.0
2023-11-11T14:24:33Z,84.0
2023-11-11T14:24:38Z,83.0
2023-11-11T14:24:43Z,85.0
2023-11-11T14:24:48Z,88.0
2023-11-11T14:24:53Z,94.0
2023-11-11T14:24:58Z,91.0
2023-11-11T14:25:03Z,90.0
2023-11-11T14:25:08Z,91.0
2023-11-11T14:25:18Z,92.0
2023-11-11T14:25:23Z,89.0
2023-11-11T14:25:28Z,89.0
2023-11-11T14:25:33Z,86.0
2023-11-11T14:25:38Z,87.0
2023-11-11T14:25:43Z,93.0
2023-11-11T14:25:48Z,95.0
2023-11-11T14:25:53Z,94.0
2023-11-11T14:25:58Z,92.0
2023-11-11T14:26:03Z,89.0
2023-11-11T14:26:18Z,86.0
2023-11-11T14:26:33Z,86.0
2023-11-11T14:26:38Z,84.0
2023-11-11T14:26:43Z,86.0
2023-11-11T14:26:48Z,88.0
2023-11-11T14:26:53Z,86.0
2023-11-11T14:26:58Z,85.0
2023-11-11T14:27:03Z,83.0
2023-11-11T14:27:13Z,85.0
2023-11-11T14:27:18Z,84.0
2023-11-11T14:27:23Z,83.0
2023-11-11T14:27:33Z,85.0
2023-11-11T14:27:38Z,86.0
2023-11-11T14:27:43Z,85.0
2023-11-11T14:27:48Z,84.0
2023-11-11T14:27:53Z,87.0
2023-11-11T14:27:58Z,85.0
2023-11-11T14:28:13Z,86.0
2023-11-11T14:28:18Z,90.0
2023-11-11T14:28:23Z,97.0
2023-11-11T14:28:33Z,92.0
2023-11-11T14:28:38Z,89.0
2023-11-11T14:28:43Z,85.0
2023-11-11T14:28:48Z,86.0
2023-11-11T14:28:53Z,85.0
2023-11-11T14:28:58Z,86.0
2023-11-11T14:29:03Z,88.0
2023-11-11T14:29:08Z,87.0
2023-11-11T14:29:13Z,86.0
2023-11-11T14:29:23Z,90.0
2023-11-11T14:29:28Z,91.0
2023-11-11T14:29:33Z,92.0
2023-11-11T14:29:38Z,91.0
2023-11-11T14:29:43Z,90.0
2023-11-11T14:29:48Z,89.0
2023-11-11T14:29:53Z,88.0
2023-11-11T14:29:58Z,88.0
2023-11-11T14:30:03Z,89.0
2023-11-11T14:30:13Z,87.0
2023-11-11T14:30:18Z,84.0
2023-11-11T14:30:28Z,87.0
2023-11-11T14:30:38Z,86.0
2023-11-11T14:30:48Z,85.0
2023-11-11T14:31:03Z,87.0
2023-11-11T14:31:18Z,88.0
2023-11-11T14:31:28Z,90.0
2023-11-11T14:31:33Z,95.0
2023-11-11T14:31:38Z,93.0
2023-11-11T14:31:43Z,92.0
2023-11-11T14:31:48Z,94.0
2023-11-11T14:31:53Z,95.0
2023-11-11T14:32:08Z,94.0
2023-11-11T14:32:13Z,91.0
2023-11-11T14:32:18Z,88.0
2023-11-11T14:32:28Z,86.0
2023-11-11T14:32:38Z,84.0
2023-11-11T14:32:43Z,78.0
2023-11-11T14:32:48Z,77.0
2023-11-11T14:32:58Z,78.0
2023-11-11T14:33:03Z,81.0
2023-11-11T14:33:08Z,82.0
2023-11-11T14:33:13Z,73.0
2023-11-11T14:33:18Z,71.0
2023-11-11T14:33:23Z,73.0
2023-11-11T14:33:28Z,75.0
2023-11-11T14:33:33Z,76.0
2023-11-11T14:33:38Z,77.0
2023-11-11T14:33:43Z,79.0
2023-11-11T14:33:53Z,78.0
2023-11-11T14:34:08Z,79.0
2023-11-11T14:34:13Z,81.0
2023-11-11T14:34:28Z,79.0
2023-11-11T14:34:38Z,78.0
2023-11-11T14:34:43Z,80.0
2023-11-11T14:34:48Z,81.0
2023-11-11T14:34:53Z,79.0
2023-11-11T14:34:58Z,80.0
2023-11-11T14:35:13Z,82.0
2023-11-11T14:35:18Z,84.0
2023-11-11T14:35:23Z,83.0
2023-11-11T14:35:33Z,84.0
2023-11-11T14:35:38Z,81.0
2023-11-11T14:35:43Z,77.0
2023-11-11T14:35:48Z,75.0
2023-11-11T14:35:53Z,76.0
2023-11-11T14:36:03Z,79.0
2023-11-11T14:36:08Z,83.0
2023-11-11T14:36:13Z,85.0
2023-11-11T14:36:18Z,82.0
2023-11-11T14:36:23Z,83.0
2023-11-11T14:36:28Z,84.0
2023-11-11T14:36:33Z,83.0
2023-11-11T14:36:38Z,79.0
2023-11-11T14:36:43Z,80.0
2023-11-11T14:36:48Z,81.0
2023-11-11T14:36:53Z,82.0
2023-11-11T14:37:03Z,83.0
2023-11-11T14:37:08Z,82.0
2023-11-11T14:37:13Z,81.0
2023-11-11T14:37:23Z,79.0
2023-11-11T14:37:38Z,81.0
2023-11-11T14:37:43Z,80.0
2023-11-11T14:37:48Z,77.0
2023-11-11T14:37:53Z,76.0
2023-11-11T14:37:58Z,75.0
2023-11-11T14:38:03Z,76.0
2023-11-11T14:38:08Z,75.0
2023-11-11T14:38:23Z,75.0
2023-11-11T14:38:28Z,73.0
2023-11-11T14:38:33Z,74.0
2023-11-11T14:38:38Z,73.0
2023-11-11T14:38:43Z,74.0
2023-11-11T14:38:58Z,74.0
2023-11-11T14:39:03Z,73.0
2023-11-11T14:39:18Z,73.0
2023-11-11T14:39:28Z,75.0
2023-11-11T14:39:33Z,76.0
2023-11-11T14:39:43Z,75.0
2023-11-11T14:39:58Z,74.0
2023-11-11T14:40:03Z,76.0
2023-11-11T14:40:08Z,75.0
2023-11-11T14:40:13Z,74.0
2023-11-11T14:40:28Z,73.0
2023-11-11T14:40:33Z,72.0
2023-11-11T14:40:38Z,71.0
2023-11-11T14:40:53Z,70.0
2023-11-11T14:41:03Z,72.0
2023-11-11T14:41:08Z,73.0
2023-11-11T14:41:18Z,74.0
2023-11-11T14:41:23Z,73.0
2023-11-11T14:41:38Z,74.0
2023-11-11T14:41:43Z,77.0
2023-11-11T14:41:48Z,76.0
2023-11-11T14:41:53Z,75.0
2023-11-11T14:41:58Z,76.0
2023-11-11T14:42:03Z,81.0
2023-11-11T14:42:08Z,88.0
2023-11-11T14:42:13Z,93.0
2023-11-11T14:42:18Z,99.0
2023-11-11T14:42:23Z,97.0
2023-11-11T14:42:28Z,98.0
2023-11-11T14:42:33Z,99.0
2023-11-11T14:42:43Z,96.0
2023-11-11T14:42:48Z,95.0
2023-11-11T14:42:53Z,98.0
2023-11-11T14:42:58Z,95.0
2023-11-11T14:43:03Z,89.0
2023-11-11T14:43:13Z,88.0
2023-11-11T14:43:23Z,86.0
2023-11-11T14:43:28Z,85.0
2023-11-11T14:43:33Z,86.0
2023-11-11T14:43:38Z,84.0
2023-11-11T14:43:43Z,81.0
2023-11-11T14:43:48Z,79.0
2023-11-11T14:43:53Z,81.0
2023-11-11T14:44:03Z,80.0
2023-11-11T14:44:13Z,79.0
2023-11-11T14:44:18Z,80.0
2023-11-11T14:44:23Z,82.0
2023-11-11T14:44:33Z,85.0
2023-11-11T14:44:38Z,83.0
2023-11-11T14:44:43Z,80.0
2023-11-11T14:44:53Z,81.0
2023-11-11T14:44:58Z,83.0
2023-11-11T14:45:03Z,85.0
2023-11-11T14:45:18Z,86.0
2023-11-11T14:45:33Z,88.0
2023-11-11T14:45:38Z,89.0
2023-11-11T14:45:48Z,88.0
2023-11-11T14:45:58Z,86.0
2023-11-11T14:46:03Z,86.0
2023-11-11T14:46:08Z,85.0
2023-11-11T14:46:13Z,88.0
2023-11-11T14:46:18Z,87.0
2023-11-11T14:46:23Z,85.0
2023-11-11T14:46:28Z,84.0
2023-11-11T14:46:33Z,85.0
2023-11-11T14:46:38Z,83.0
2023-11-11T14:46:43Z,79.0
2023-11-11T14:46:53Z,80.0
2023-11-11T14:47:03Z,82.0
2023-11-11T14:47:08Z,86.0
2023-11-11T14:47:13Z,87.0
2023-11-11T14:47:18Z,83.0
2023-11-11T14:47:23Z,84.0
2023-11-11T14:47:28Z,86.0
2023-11-11T14:47:33Z,98.0
2023-11-11T14:47:38Z,99.0
2023-11-11T14:47:43Z,100.0
2023-11-11T14:47:48Z,101.0
2023-11-11T14:48:03Z,102.0
2023-11-11T14:48:08Z,104.0
2023-11-11T14:48:13Z,101.0
2023-11-11T14:48:23Z,98.0
2023-11-11T14:48:28Z,94.0
2023-11-11T14:48:38Z,93.0
2023-11-11T14:48:43Z,90.0
2023-11-11T14:48:48Z,85.0
2023-11-11T14:48:53Z,82.0
2023-11-11T14:49:03Z,83.0
2023-11-11T14:49:08Z,85.0
2023-11-11T14:49:13Z,82.0
2023-11-11T14:49:18Z,79.0
2023-11-11T14:49:33Z,80.0
2023-11-11T14:49:38Z,82.0
2023-11-11T14:49:48Z,84.0
2023-11-11T14:49:53Z,80.0
2023-11-11T14:50:08Z,77.0
2023-11-11T14:50:13Z,79.0
2023-11-11T14:50:28Z,79.0
2023-11-11T14:50:43Z,79.0
2023-11-11T14:50:48Z,81.0
2023-11-11T14:50:53Z,79.0
2023-11-11T14:51:03Z,78.0
2023-11-11T14:51:08Z,77.0
2023-11-11T14:51:18Z,76.0
2023-11-11T14:51:23Z,77.0
2023-11-11T14:51:28Z,79.0
2023-11-11T14:51:33Z,86.0
2023-11-11T14:51:38Z,83.0
2023-11-11T14:51:48Z,81.0
2023-11-11T14:51:53Z,84.0
2023-11-11T14:51:58Z,85.0
2023-11-11T14:52:03Z,84.0
2023-11-11T14:52:08Z,86.0
2023-11-11T14:52:13Z,89.0
2023-11-11T14:52:18Z,85.0
2023-11-11T14:52:23Z,79.0
2023-11-11T14:52:28Z,77.0
2023-11-11T14:52:33Z,78.0
2023-11-11T14:52:38Z,80.0
2023-11-11T14:52:43Z,78.0
2023-11-11T14:52:48Z,80.0
2023-11-11T14:52:53Z,79.0
2023-11-11T14:52:58Z,77.0
2023-11-11T14:53:08Z,79.0
2023-11-11T14:53:13Z,83.0
2023-11-11T14:53:18Z,87.0
2023-11-11T14:53:23Z,89.0
2023-11-11T14:53:28Z,83.0
2023-11-11T14:53:33Z,82.0
2023-11-11T14:53:38Z,85.0
2023-11-11T14:53:48Z,87.0
2023-11-11T14:53:53Z,88.0
2023-11-11T14:54:03Z,86.0
2023-11-11T14:54:08Z,87.0
2023-11-11T14:54:13Z,88.0
2023-11-11T14:54:18Z,85.0
2023-11-11T14:54:23Z,82.0
2023-11-11T14:54:28Z,81.0
2023-11-11T14:54:33Z,79.0
2023-11-11T14:54:38Z,78.0
2023-11-11T14:54:43Z,76.0
2023-11-11T14:54:48Z,77.0
2023-11-11T14:54:53Z,75.0
2023-11-11T14:55:08Z,75.0
2023-11-11T14:55:13Z,78.0
2023-11-11T14:55:18Z,80.0
2023-11-11T14:55:23Z,79.0
2023-11-11T14:55:28Z,78.0
2023-11-11T14:55:33Z,77.0
2023-11-11T14:55:43Z,76.0
2023-11-11T14:55:53Z,75.0
2023-11-11T14:56:08Z,75.0
2023-11-11T14:56:13Z,78.0
2023-11-11T14:56:18Z,79.0
2023-11-11T14:56:23Z,77.0
2023-11-11T14:56:28Z,75.0
2023-11-11T14:56:38Z,76.0
2023-11-11T14:56:43Z,77.0
2023-11-11T14:56:48Z,76.0
2023-11-11T14:56:58Z,78.0
2023-11-11T14:57:03Z,80.0
2023-11-11T14:57:08Z,79.0
2023-11-11T14:57:13Z,78.0
2023-11-11T14:57:18Z,80.0
2023-11-11T14:57:23Z,84.0
2023-11-11T14:57:28Z,87.0
2023-11-11T14:57:33Z,85.0
2023-11-11T14:57:38Z,86.0
2023-11-11T14:57:43Z,88.0
2023-11-11T14:57:53Z,90.0
2023-11-11T14:57:58Z,89.0
2023-11-11T14:58:03Z,91.0
2023-11-11T14:58:08Z,94.0
2023-11-11T14:58:13Z,91.0
2023-11-11T14:58:18Z,86.0
2023-11-11T14:58:23Z,85.0
2023-11-11T14:58:28Z,86.0
2023-11-11T14:58:33Z,87.0
2023-11-11T14:58:38Z,86.0
2023-11-11T14:58:43Z,82.0
2023-11-11T14:58:48Z,80.0
2023-11-11T14:58:53Z,81.0
2023-11-11T14:58:58Z,82.0
2023-11-11T14:59:03Z,83.0
2023-11-11T14:59:08Z,84.0
2023-11-11T14:59:18Z,82.0
2023-11-11T14:59:28Z,85.0
2023-11-11T14:59:33Z,88.0
2023-11-11T14:59:43Z,85.0
2023-11-11T14:59:48Z,89.0
2023-11-11T14:59:53Z,92.0
2023-11-11T14:59:58Z,91.0
2023-11-11T15:00:03Z,88.0
2023-11-11T15:00:08Z,85.0
2023-11-11T15:00:13Z,81.0
2023-11-11T15:00:28Z,82.0
2023-11-11T15:00:33Z,85.0
2023-11-11T15:00:38Z,84.0
2023-11-11T15:00:48Z,86.0
2023-11-11T15:00:53Z,85.0
2023-11-11T15:00:58Z,84.0
